0000 * 580 157 518 313 93 137 143 -3
0001 * 482 58 482 175 107 273 107 148
0002 * 844 108 865 334 192 676 139 424
0003 * 743 284 688 487 177 295 216 108
0004 * 605 128 590 254 148 207 169 81
0005 * 1125 187 1151 544 231 1112 173 723
0006 * 868 163 857 320 205 299 205 142
0007 * 537 84 560 201 88 388 81 232
0008 * 435 250 425 434 109 224 109 76
0009 * 1110 630 1057 866 179 382 168 172
0011 * 657 203 636 419 99 271 120 87
0012 * 689 113 674 323 106 665 116 439
0013 * 446 92 454 194 119 217 119 131
0014 * 322 82 340 199 101 281 78 153
0015 * 551 69 551 225 91 455 75 299
0016 * 745 314 708 525 92 225 98 9
0017 * 1011 350 980 568 219 369 223 151
0018 * 508 214 466 408 93 261 119 98
0019 * 592 393 592 609 98 299 93 120
0023 * 385 53 385 146 94 143 90 61
0025 * 1974 258 1951 688 457 669 461 251
0026 * 728 105 751 329 179 441 149 206
0027 * 1272 76 1292 428 203 474 196 155
0028 * 1773 284 1761 748 294 1211 305 703
0029 * 952 293 919 511 241 359 258 147
0030 * 529 266 460 372 158 193 219 91
0031 * 238 62 255 144 75 254 51 164
0033 * 342 80 322 169 48 116 64 32
0034 * 279 44 295 133 100 129 79 48
0035 * 367 57 375 147 90 232 69 134
0037 * 650 120 678 279 164 621 107 450
0038 * 352 150 307 244 54 129 90 48
0039 * 1369 179 1348 531 274 442 274 117
0040 * 978 378 911 672 106 341 143 72
0042 * 706 97 700 244 159 268 165 112
0043 * 497 74 504 187 136 205 130 92
0044 * 1010 562 961 779 126 308 117 100
0045 * 636 113 642 257 152 281 143 137
0046 * 803 108 864 316 221 484 151 255
0047 * 771 121 762 298 181 240 169 78
0048 * 501 58 501 178 122 181 118 71
0049 * 1077 113 1068 333 193 553 156 327
0050 * 814 85 842 229 239 253 206 110
0051 * 611 94 615 229 114 571 85 429
0052 * 979 141 975 329 248 598 228 394
0053 * 445 60 453 167 69 346 57 215
0054 * 553 105 582 268 149 562 117 386
0055 * 1396 124 1384 345 311 761 245 569
0056 * 1048 116 1036 308 220 365 216 173
0057 * 758 174 811 366 199 292 146 109
0058 * 643 76 643 248 125 484 101 317
0060 * 847 68 861 291 123 778 84 516
0062 * 1159 149 1166 360 275 534 259 309
0063 * 679 87 673 270 149 477 149 250
0064 * 297 48 303 134 49 108 49 13
0065 * 605 132 572 339 108 262 129 70
0067 * 318 35 321 121 64 139 67 41
0069 * 927 72 871 267 200 453 236 255
0071 * 766 198 772 411 181 275 175 92
0072 * 865 114 865 280 205 273 221 117
0073 * 308 49 311 118 70 119 70 53
0075 * 267 52 269 112 75 126 76 63
0077 * 240 54 240 113 61 120 61 63
0078 * 176 26 184 66 54 72 48 33
0079 * 324 56 324 124 75 115 79 46
0081 * 150 39 149 80 41 70 45 32
0084 * 810 96 806 320 116 670 116 433
0086 * 524 87 528 225 169 365 165 214
0087 * 522 73 560 232 121 465 101 297
0088 * 585 112 585 254 139 216 144 90
0089 * 652 83 652 216 153 218 147 83
0090 * 1217 153 1237 408 208 968 146 640
0091 * 738 71 769 275 133 521 100 295
0092 * 807 352 800 589 153 326 144 137
0094 * 805 481 807 701 111 297 95 80
0095 * 920 351 951 581 228 380 184 180
0096 * 1158 678 1088 982 164 452 199 186
0097 * 770 250 781 505 43 319 21 70
0098 * 564 223 571 387 68 216 50 67
0099 * 535 71 546 189 138 253 122 133
0101 * 489 73 511 213 99 477 86 311
0102 * 577 211 577 364 161 267 161 116
0103 * 895 465 877 744 121 345 130 103
0104 * 822 373 754 654 121 377 163 130
0105 * 1014 331 998 545 165 296 147 99
0106 * 698 143 718 305 172 357 163 187
0107 * 938 127 951 343 222 644 194 428
0108 * 659 141 729 307 194 635 114 447
0109 * 836 246 810 500 197 325 221 107
0110 * 703 273 655 479 20 219 57 7
0111 * 1058 424 993 727 271 451 305 159
0112 * 984 549 965 764 178 334 155 123
0114 * 895 217 872 482 177 386 185 132
0115 * 750 236 692 462 81 247 116 44
0116 * 679 81 725 265 141 672 68 488
0119 * 680 79 699 279 139 448 104 233
0120 * 1205 295 1132 606 264 399 318 107
0121 * 417 66 420 218 77 280 77 108
0122 * 407 66 390 176 70 312 83 199
0123 * 710 82 726 276 149 360 130 160
0124 * 568 79 568 196 147 374 127 241
0125 * 400 45 406 161 92 210 85 90
0126 * 393 68 396 165 85 178 88 81
0127 * 768 86 794 283 184 358 159 162
0128 * 1289 339 1299 737 296 500 266 122
0129 * 1258 269 1263 561 295 531 295 259
0130 * 701 117 716 284 176 309 166 158
0131 * 696 233 716 440 207 334 182 143
0132 * 488 108 483 234 115 229 115 108
0133 * 481 161 481 307 78 186 63 50
0134 * 354 49 399 139 97 230 56 134
0135 * 772 230 736 447 162 291 182 104
0136 * 564 90 635 231 171 473 95 317
0137 * 638 107 633 233 149 238 154 107
0138 * 728 121 753 267 194 322 168 166
0139 * 1138 342 1148 755 246 433 206 55
0140 * 664 105 709 292 175 609 99 403
0141 * 641 162 651 344 152 324 132 147
0143 * 1259 341 1274 663 302 578 302 285
0144 * 560 226 580 397 177 246 146 90
0145 * 464 74 504 200 116 437 76 291
0146 * 1113 356 1103 754 271 442 266 89
0147 * 482 108 472 214 110 219 110 108
0148 * 953 295 918 582 126 335 157 103
0150 * 498 83 533 234 130 456 95 280
0153 * 154 25 150 75 17 57 23 11
0155 * 79 14 78 33 18 33 19 17
0157 * 166 38 166 87 41 80 42 35
0158 * 146 31 140 73 38 48 39 8
0159 * 72 16 70 34 18 34 20 17
0160 * 72 10 73 30 13 38 11 14
0161 * 59 17 58 34 16 31 16 15
0162 * 114 15 114 45 19 57 20 25
0163 * 132 20 132 53 34 51 33 21
0164 * 92 14 93 33 22 37 21 16
0165 * 83 15 79 35 19 35 21 16
0166 * 56 10 57 27 15 35 14 16
0168 * 145 42 141 79 17 45 19 9
0169 * 313 62 323 143 80 185 70 100
0171 * 578 81 602 221 122 414 82 258
0172 * 630 103 621 263 110 514 107 357
0174 * 598 93 576 231 105 393 108 252
0175 * 525 87 516 218 97 368 91 237
0176 * 585 98 569 248 101 447 104 306
0177 * 456 97 560 229 205 547 85 412
0178 * 580 141 580 260 136 242 143 125
0179 * 437 174 446 376 118 214 112 30
0181 * 399 80 429 199 102 306 77 181
0183 * 572 72 661 200 186 393 92 246
0184 * 430 97 402 207 102 170 124 63
0185 * 1132 9 1144 248 177 489 147 245
0186 * 1389 69 1328 253 171 363 153 170
0187 * 438 115 463 222 154 256 132 145
0188 * 722 246 697 450 69 229 81 54
0191 * 769 468 635 712 104 309 206 125
0193 * 1437 256 1409 558 291 448 287 142
0194 * 820 76 804 276 127 525 122 321
0196 * 481 54 493 160 138 217 126 107
0197 * 759 94 743 237 168 416 176 261
0198 * 191 55 191 101 65 101 65 55
0200 * 743 120 749 291 143 615 112 426
0202 * 611 81 605 234 143 409 143 246
0203 * 826 134 869 351 282 575 211 336
0204 * 502 73 502 186 119 195 119 82
0206 * 456 66 481 179 117 301 92 176
0207 * 557 84 560 212 147 249 135 117
0209 * 553 56 553 185 134 203 128 78
0211 * 423 59 428 251 76 241 76 59
0212 * 846 250 876 412 206 301 170 155
0213 * 594 90 629 236 125 488 74 332
0214 * 914 338 924 570 203 419 208 192
0215 * 515 76 515 192 102 237 102 106
0216 * 612 55 632 186 149 252 128 121
0218 * 918 502 913 734 147 361 127 129
0219 * 865 390 779 637 109 325 169 103
0220 * 622 314 632 490 138 278 103 112
0221 * 413 97 428 208 110 233 110 117
0222 * 624 88 598 228 132 254 148 108
0223 * 848 203 809 365 174 404 200 210
0224 * 678 96 668 310 140 420 140 161
0225 * 1129 200 1087 462 218 469 241 154
0226 * 1118 174 1066 404 253 514 275 209
0228 * 1015 123 967 288 222 340 235 139
0229 * 1003 135 1009 384 76 374 60 99
0230 * 725 144 708 332 161 432 177 192
0231 * 894 147 939 400 191 523 142 218
0232 * 1001 144 1014 410 275 637 236 306
0233 * 761 184 689 381 184 385 255 135
0234 * 515 170 525 326 42 183 17 34
0235 * 260 48 249 127 28 105 39 21
0239 * 395 49 390 165 85 170 79 54
0241 * 215 -1 236 67 78 141 57 56
0242 * 340 136 308 283 29 157 66 20
0243 * 511 70 490 254 75 233 91 60
0244 * 192 53 192 105 55 111 50 58
0245 * 356 50 361 134 66 124 61 40
0246 * 329 38 329 123 55 133 55 44
0248 * 869 464 795 706 90 243 148 65
0249 * 223 45 223 108 60 103 65 45
0250 * 390 86 380 239 54 181 64 33
0251 * 243 59 243 148 43 122 48 38
0252 * 443 183 375 372 23 178 65 15
0254 * 222 35 222 119 64 124 59 45
0255 * 264 32 269 101 59 101 59 32
0256 * 530 184 472 336 99 194 141 63
0261 * 322 55 322 134 75 107 96 34
0265 * 261 45 256 103 71 97 71 34
0266 * 330 103 309 193 82 161 109 77
0267 * 953 104 926 341 143 751 137 509
0271 * 1174 66 1153 303 269 555 248 313
0273 * 1249 430 1223 746 134 378 76 73
0275 * 1086 172 1050 419 150 1003 155 724
0277 * 1489 406 1478 664 347 443 316 201
0278 * 1719 211 1777 643 372 1169 251 648
0279 * 1207 169 1175 479 218 974 186 642
0280 * 1603 642 1530 1021 388 595 430 295
0281 * 444 79 448 177 114 181 118 79
0282 * 617 190 596 365 115 272 144 108
0283 * 546 89 543 219 131 203 144 83
0284 * 134 21 134 49 28 49 30 20
0285 * 119 31 119 63 29 39 29 9
0286 * 177 46 169 92 45 72 50 29
0287 * 149 62 144 126 31 88 34 27
0288 * 103 49 102 81 17 49 19 13
0289 * 263 107 258 153 13 54 15 6
0290 * 211 58 202 113 53 88 58 35
0292 * 104 19 110 44 31 62 24 37
0293 * 249 101 236 193 38 113 37 32
0294 * 659 86 631 277 116 565 109 367
0296 * 337 86 318 169 88 132 104 54
0298 * 575 127 540 251 126 284 161 150
0299 * 341 67 343 159 92 168 90 76
0300 * 314 65 325 131 95 166 83 95
0304 * 391 69 384 154 99 150 106 64
0305 * 530 58 516 251 75 212 81 42
0307 * 317 69 321 145 86 136 86 65
0308 * 473 144 452 432 84 360 93 94
0310 * 681 341 589 553 83 267 161 67
0311 * 342 19 387 129 93 223 57 133
0313 * 590 124 590 252 152 376 136 244
0316 * 1659 227 1709 549 483 891 398 576
0317 * 620 105 609 233 116 501 104 349
0319 * 1199 475 1149 669 179 339 175 137
0320 * 1051 138 1067 352 298 480 260 255
0321 * 770 86 770 214 157 428 149 276
0322 * 1393 591 1280 843 178 342 202 94
0323 * 2093 133 1945 506 335 874 281 490
0326 * 596 127 580 286 103 217 111 65
0327 * 1412 636 1338 857 232 407 190 147
0328 * 233 16 231 72 56 131 47 72
0329 * 176 22 174 71 25 132 22 82
0330 * 173 48 171 95 31 67 30 19
0331 * 265 80 255 146 63 106 62 37
0332 * 297 121 287 193 66 117 62 38
0333 * 264 68 255 125 49 72 47 14
0334 * 146 28 144 70 30 54 32 16
0336 * 428 139 413 219 104 134 100 59
0337 * 266 73 268 147 56 103 42 30
0338 * 749 104 749 279 162 279 158 100
0339 * 1044 101 1007 278 187 569 181 391
0341 * 2461 254 2338 642 560 654 388 295
0343 * 1258 261 1194 444 205 279 157 77
0345 * 689 116 683 260 150 260 138 122
0346 * 1396 68 1331 206 208 190 159 50
0347 * 1887 91 1797 340 357 357 238 104
0348 * 893 250 902 431 176 250 112 67
0349 * 787 148 787 341 166 354 160 155
0350 * 994 242 960 388 143 208 110 55
0351 * 755 95 736 313 121 640 109 429
0352 * 763 123 755 279 158 284 146 130
0353 * 887 88 877 254 174 256 167 86
0354 * 585 91 590 192 132 187 127 89
0355 * 1025 178 1009 378 246 496 226 288
0356 * 751 121 741 294 155 296 158 121
0358 * 573 89 569 240 124 272 120 113
0359 * 816 117 811 278 175 266 175 103
0360 * 72 6 75 27 16 40 12 18
0361 * 154 21 156 49 37 57 37 28
0362 * 62 9 62 23 10 24 11 10
0363 * 261 36 256 76 62 76 58 36
0364 * 114 14 110 53 27 78 31 34
0365 * 78 10 77 27 19 28 19 11
0366 * 79 16 79 37 17 39 15 18
0367 * 55 9 56 22 12 23 11 10
0368 * 364 31 357 136 12 132 15 20
0369 * 100 19 100 49 24 62 22 32
0370 * 237 26 238 81 57 83 58 29
0371 * 267 74 254 130 49 76 61 23
0372 * 55 11 55 23 14 22 14 11
0373 * 144 26 144 61 29 63 29 26
0374 * 75 15 75 36 15 45 15 20
0375 * 81 15 81 32 18 29 16 12
0376 * 102 11 102 37 21 36 21 11
0378 * 120 18 120 46 24 47 24 16
0379 * 60 12 59 25 12 22 12 9
0380 * 206 22 208 72 41 78 38 26
0381 * 207 60 198 105 50 65 56 28
0382 * 56 10 56 22 15 22 15 10
0383 * 151 44 154 80 28 57 24 21
0384 * 126 22 125 47 27 46 30 22
1134 * 313 66 320 154 76 135 69 53
1135 * 261 52 270 121 67 108 59 42
1136 * 257 33 259 92 59 97 51 38
1137 * 351 56 357 141 80 137 69 53
1138 * 319 54 327 127 74 118 63 46
1139 * 284 53 287 113 72 109 63 51
1140 * 263 65 259 125 67 102 63 43
1141 * 266 35 266 94 54 91 47 35
1142 * 305 72 313 138 86 139 73 71
1143 * 292 31 303 91 77 85 64 27
1144 * 300 46 312 107 74 116 62 57
1145 * 346 36 353 113 70 120 65 43
1146 * 278 31 285 90 62 97 52 42
1147 * 207 41 222 106 39 91 22 29
1148 * 316 55 321 129 68 118 51 46
1149 * 269 59 269 139 59 105 52 26
1151 * 273 31 283 84 71 91 61 40
1152 * 275 37 279 92 67 95 59 42
1153 * 228 36 237 92 48 92 37 36
1154 * 250 35 254 95 54 98 47 32
1155 * 294 55 297 114 68 108 60 49
1156 * 215 18 226 72 45 79 31 24
1157 * 245 34 254 79 51 85 40 39
1158 * 298 56 303 110 72 105 68 52
1159 * 259 29 268 96 54 102 40 38
1160 * 327 63 330 147 75 134 70 54
1161 * 350 58 360 144 91 144 73 61
1162 * 282 41 292 108 77 112 64 45
1163 * 254 37 260 85 55 87 52 36
1164 * 284 45 292 107 74 117 68 54
1165 * 286 54 293 107 72 115 62 58
1166 * 269 36 265 103 39 97 43 31
1167 * 309 46 313 120 81 120 74 48
1168 * 272 29 277 93 60 97 44 36
1169 * 293 48 317 122 98 111 68 39
1170 * 295 43 295 119 58 115 60 40
1171 * 317 87 328 164 74 134 62 57
1172 * 286 54 288 125 62 118 58 48
1173 * 235 57 233 126 57 99 51 30
1175 * 311 50 329 133 71 116 54 38
1176 * 257 48 264 101 69 106 57 56
1177 * 265 32 276 93 66 99 48 40
1178 * 290 26 301 87 71 101 53 37
1179 * 270 51 277 120 53 95 41 26
1180 * 325 58 333 136 73 110 63 34
1181 * 270 28 281 93 68 101 56 37
1182 * 268 36 273 94 56 92 49 32
1183 * 255 53 264 114 66 114 55 48
1184 * 280 47 290 114 71 119 60 55
1185 * 282 52 287 121 65 109 56 42
1186 * 277 33 267 91 50 89 60 30
1187 * 315 48 327 118 78 105 63 38
1188 * 286 55 291 119 72 103 65 41
1189 * 275 29 281 96 67 92 55 28
1190 * 271 36 278 89 70 98 59 48
1191 * 260 42 266 100 60 96 50 39
1192 * 170 42 179 97 45 76 34 25
1193 * 360 72 368 157 83 143 74 62
1194 * 253 51 258 102 61 109 52 61
1195 * 251 31 258 92 63 102 52 43
1196 * 250 35 260 94 60 94 50 37
1197 * 145 51 162 107 42 70 27 20
1198 * 272 26 266 92 41 89 49 24
1199 * 284 41 296 109 67 121 54 56
1200 * 291 44 300 105 61 109 49 50
1201 * 283 49 288 122 60 111 48 45
1202 * 271 35 279 88 64 99 56 46
1204 * 266 46 272 94 63 90 55 43
1206 * 284 46 290 113 71 120 60 52
1207 * 282 33 287 97 63 94 57 30
1208 * 253 34 265 90 65 96 51 40
1210 * 276 32 282 91 61 102 52 37
1211 * 289 52 294 119 67 102 60 42
1212 * 276 43 281 111 54 109 46 44
1213 * 261 46 272 106 69 121 56 60
1214 * 277 26 284 90 66 90 60 28
1215 * 285 69 294 138 75 135 64 69
1216 * 258 35 260 83 52 83 46 36
1217 * 328 40 341 117 82 114 68 40
1218 * 347 39 349 127 76 118 69 36
1219 * 232 58 240 121 61 101 51 42
1220 * 288 45 290 114 70 114 68 44
1221 * 262 35 266 100 55 95 49 31
1222 * 282 59 285 131 69 114 62 43
1223 * 278 37 282 102 64 94 58 30
1224 * 259 29 268 91 58 92 46 33
1226 * 166 43 182 103 47 75 29 19
1227 * 341 43 338 111 76 106 76 40
1228 * 327 37 334 118 63 114 53 35
1229 * 291 52 291 123 71 114 65 44
1231 * 316 47 323 130 75 115 70 37
1232 * 294 40 307 125 63 110 47 29
1233 * 317 79 320 145 76 132 72 69
1234 * 234 35 249 86 62 99 42 46
1235 * 340 60 342 134 73 114 70 36
1236 * 287 46 296 104 70 108 58 55
1237 * 286 41 294 110 67 116 54 49
1238 * 277 43 285 99 60 101 55 43
1239 * 346 55 358 133 91 137 75 53
1241 * 288 53 302 126 60 141 51 72
1242 * 321 48 330 121 73 111 61 41
1243 * 256 30 267 90 59 102 46 38
1244 * 347 51 353 117 80 109 69 42
1245 * 237 42 240 97 43 83 34 31
1246 * 291 20 294 94 64 92 61 24
1247 * 283 52 301 109 69 108 62 53
1248 * 265 46 270 110 61 108 50 47
1249 * 273 28 275 92 47 100 47 36
1250 * 275 50 284 114 70 109 58 46
1251 * 276 43 286 110 73 115 60 51
1252 * 278 30 284 96 70 97 57 30
1253 * 260 28 270 85 54 92 44 35
1254 * 266 23 277 85 72 101 59 37
1255 * 283 48 292 119 68 115 59 46
1257 * 313 55 313 137 71 111 69 33
1258 * 283 40 292 108 68 107 64 38
1260 * 284 45 292 112 70 109 60 45
1261 * 298 46 305 100 76 109 70 55
1262 * 270 35 280 96 65 102 52 42
1263 * 263 43 263 105 53 98 42 37
1264 * 287 29 292 100 54 98 50 29
1265 * 288 53 293 118 74 113 60 51
1266 * 316 50 327 129 63 115 52 39
1267 * 287 44 295 113 73 119 60 50
1268 * 274 50 276 118 63 104 52 41
1269 * 287 48 287 118 65 111 59 43
1270 * 272 26 286 89 60 97 52 36
1271 * 255 42 258 112 55 96 52 26
1272 * 303 38 308 99 68 96 63 36
1273 * 258 42 268 94 56 86 52 34
1274 * 264 38 262 94 52 84 48 34
1275 * 263 68 267 140 59 114 47 47
1276 * 254 23 256 81 41 81 40 23
1277 * 264 52 273 120 60 115 53 49
1278 * 293 46 300 118 65 117 56 48
1280 * 255 33 260 97 66 100 57 31
1281 * 236 27 244 80 64 91 53 41
1283 * 280 59 290 124 63 127 53 63
1284 * 270 29 281 83 76 96 63 39
1285 * 277 23 286 87 60 99 48 35
1286 * 267 28 269 92 47 89 45 28
1287 * 284 43 291 99 74 106 65 53
1288 * 234 41 235 94 51 87 48 34
1289 * 284 27 287 98 59 94 49 26
1290 * 190 71 195 126 49 94 46 39
1291 * 266 35 268 101 54 96 50 31
1293 * 282 35 289 106 70 122 61 50
1294 * 254 31 258 88 46 83 41 28
1295 * 261 34 270 99 51 118 41 51
1296 * 312 49 319 120 71 115 63 48
1297 * 276 44 284 106 74 112 64 53
1298 * 303 52 310 119 82 111 70 47
1299 * 287 47 291 116 56 106 52 38
1300 * 327 51 338 126 88 112 72 39
1301 * 291 49 298 114 79 108 70 44
1302 * 340 55 346 121 81 121 76 54
1303 * 279 28 274 98 42 99 46 30
1304 * 254 37 262 102 52 92 44 31
1306 * 230 55 241 132 62 98 45 30
1307 * 288 52 293 117 63 108 53 44
1308 * 257 53 265 114 57 111 51 48
1309 * 339 68 342 149 82 143 71 62
1310 * 271 34 281 88 63 96 53 43
1311 * 261 52 265 117 57 109 53 45
1312 * 331 47 348 127 81 114 67 39
1313 * 250 29 259 90 62 98 53 38
1314 * 283 56 290 109 70 107 61 54
1315 * 261 55 269 115 57 112 47 53
1317 * 256 53 261 119 59 110 55 44
1318 * 319 71 322 156 70 143 62 65
1319 * 257 44 263 95 57 102 47 51
1320 * 287 48 289 118 68 115 63 46
1321 * 284 39 294 106 60 119 47 54
1322 * 281 35 291 93 73 106 62 47
1323 * 316 39 327 108 78 105 70 37
1324 * 251 33 260 90 54 86 48 31
1325 * 274 25 282 90 64 102 50 39
1326 * 280 49 285 119 59 107 52 40
1327 * 325 64 330 149 75 134 72 51
1328 * 343 54 348 132 80 139 68 62
1329 * 251 32 259 92 55 97 45 37
1330 * 263 54 271 108 62 104 62 52
1331 * 269 36 277 92 66 86 61 33
1333 * 282 50 287 108 66 112 60 56
1334 * 259 28 269 96 58 99 45 35
1335 * 279 47 287 105 71 111 63 50
1336 * 264 37 260 103 47 100 51 34
1337 * 283 49 288 110 67 113 64 48
1338 * 276 50 281 112 74 114 66 50
1339 * 239 31 246 84 55 87 50 36
1340 * 268 34 281 96 68 99 54 42
1342 * 342 38 353 126 76 122 64 42
1343 * 275 28 286 96 57 105 52 37
1344 * 283 29 292 87 73 92 64 38
1345 * 353 66 356 154 81 145 81 58
1346 * 313 47 323 125 64 120 54 48
1347 * 235 43 244 106 56 88 44 30
1348 * 314 45 316 127 67 109 65 30
1350 * 312 48 321 118 67 114 62 45
1351 * 268 42 276 102 68 108 63 47
1352 * 280 49 288 111 67 108 59 46
1354 * 223 10 236 61 42 71 28 20
1355 * 289 59 296 143 68 128 60 53
1356 * 278 43 282 98 72 104 61 50
1357 * 290 43 298 104 60 101 55 40
1358 * 281 23 290 92 63 97 52 33
1359 * 254 31 279 103 62 100 39 31
1360 * 251 42 253 91 61 87 55 39
1361 * 293 37 300 106 70 114 54 45
1362 * 275 33 281 96 67 97 55 35
1363 * 312 47 323 125 70 112 61 39
1364 * 267 42 277 105 57 116 47 52
1366 * 258 37 262 93 58 93 54 37
1367 * 226 61 234 137 61 106 48 33
1368 * 362 57 370 142 84 148 71 63
1370 * 277 52 271 125 63 110 60 38
1372 * 285 43 290 110 62 108 55 41
1374 * 205 23 210 71 50 64 44 23
1375 * 266 35 274 86 62 84 52 30
1377 * 311 52 317 115 67 104 61 40
1378 * 278 33 285 97 61 93 54 31
1379 * 265 33 272 81 65 86 59 38
1380 * 238 33 246 94 52 96 41 38
1381 * 270 34 278 97 55 95 49 34
1382 * 260 30 265 96 50 96 39 35
1383 * 285 34 293 85 80 93 70 42
1384 * 281 52 289 112 68 120 58 60
1385 * 290 35 295 92 63 88 58 30
1387 * 245 34 261 91 57 95 45 44
1388 * 285 44 291 112 64 108 58 44
1389 * 273 52 276 109 64 96 51 32
1390 * 288 52 292 116 64 112 59 48
1391 * 356 68 356 156 84 129 84 45
1392 * 268 34 272 103 54 99 52 30
1393 * 268 40 262 104 53 101 57 38
1394 * 283 52 276 120 57 108 49 34
1395 * 290 32 302 101 77 109 60 42
1396 * 260 43 268 92 64 86 58 39
1397 * 331 62 344 139 73 137 60 55
1398 * 317 40 324 115 75 118 66 46
1399 * 288 46 295 112 68 107 63 41
1400 * 261 23 261 91 48 95 46 28
1401 * 287 44 296 113 68 116 58 49
1402 * 274 56 278 119 70 109 62 49
1403 * 281 46 292 109 68 116 55 53
1404 * 249 39 259 86 71 89 59 46
1405 * 264 34 276 87 68 98 56 42
1407 * 265 44 271 109 63 116 51 53
1408 * 270 44 278 104 67 109 61 45
1409 * 208 37 222 87 59 94 44 44
1410 * 270 31 270 99 54 95 50 27
1411 * 257 45 261 107 55 108 47 46
1413 * 278 46 286 97 77 107 67 56
1414 * 267 34 275 90 64 91 56 40
1415 * 260 35 268 97 51 99 45 37
1416 * 249 29 257 77 60 90 52 40
1417 * 292 28 295 94 61 92 57 30
1418 * 241 30 250 91 51 100 42 40
1419 * 283 43 289 112 72 118 64 52
1420 * 270 53 276 122 56 103 52 37
1421 * 278 53 281 104 67 98 60 47
1422 * 244 28 254 88 55 91 42 35
1423 * 278 59 287 129 71 138 57 71
1424 * 255 49 264 117 67 115 55 49
1425 * 285 47 288 116 61 109 56 42
1427 * 322 54 330 130 71 105 57 27
1428 * 274 48 284 101 71 104 63 54
1429 * 278 50 282 104 65 101 58 49
1430 * 251 19 253 71 41 67 37 17
1431 * 258 25 268 90 52 99 44 36
1432 * 238 31 243 90 50 87 43 33
1433 * 272 30 278 90 60 88 56 29
1434 * 234 31 248 87 55 92 40 39
1437 * 266 30 270 98 58 96 54 30
1438 * 258 28 263 90 66 100 54 40
1439 * 317 49 326 134 69 121 57 38
1440 * 284 56 286 121 67 95 63 37
1441 * 282 51 292 132 54 107 45 29
1442 * 274 32 278 97 66 96 58 32
1443 * 259 35 265 89 59 96 47 42
1444 * 338 32 351 119 81 120 65 39
1445 * 249 28 256 89 64 97 52 40
1446 * 252 67 274 137 73 101 47 36
1447 * 344 40 353 123 88 117 75 35
1449 * 256 53 263 116 59 112 50 56
1450 * 265 50 267 113 63 108 52 41
1451 * 314 67 331 153 80 133 62 49
1452 * 251 31 263 89 67 96 53 41
1453 * 322 49 338 128 77 110 65 30
1454 * 254 26 263 81 63 93 49 47
1455 * 285 48 292 111 71 111 64 49
1456 * 229 33 241 83 56 90 42 42
1457 * 257 31 257 101 59 95 60 29
1458 * 279 50 282 102 73 98 66 46
1459 * 282 29 291 97 62 100 45 31
1460 * 264 34 266 98 45 95 43 32
1461 * 290 40 300 114 68 117 54 46
1462 * 267 48 267 117 53 119 51 51
1463 * 268 39 268 94 62 92 62 37
1465 * 198 42 205 114 2 106 0 36
1466 * 280 32 284 92 65 89 57 30
1467 * 285 39 296 111 69 119 56 52
1469 * 308 36 311 107 54 99 49 28
1470 * 307 44 313 117 81 124 69 56
1471 * 309 50 311 140 71 124 63 42
1472 * 314 50 325 139 71 117 60 34
1473 * 255 32 258 86 55 90 49 34
1474 * 282 30 291 108 61 115 53 43
1475 * 324 77 329 162 64 129 61 50
1476 * 320 44 318 116 64 116 61 50
1477 * 265 40 266 98 55 93 49 34
1478 * 262 30 265 92 52 89 42 32
1479 * 287 79 290 167 78 120 71 39
1480 * 260 35 272 107 60 94 48 27
1481 * 287 47 294 123 66 116 61 45
1482 * 336 67 342 147 75 143 67 66
1483 * 272 55 278 116 70 118 64 58
1484 * 311 44 318 120 73 116 65 42
1485 * 278 37 280 93 62 91 54 38
1486 * 290 56 299 144 61 116 51 36
1487 * 215 46 222 125 51 91 42 17
1488 * 265 47 267 124 59 116 52 44
1489 * 253 30 256 102 45 95 43 31
1490 * 282 56 291 115 65 104 63 47
1491 * 277 29 275 91 52 91 52 29
1492 * 263 57 268 126 59 110 55 44
1493 * 284 47 291 112 70 114 54 52
1494 * 222 36 224 103 43 92 39 26
1495 * 284 52 290 117 66 121 58 57
1496 * 251 31 264 91 69 91 50 32
1497 * 320 55 323 127 66 109 59 37
1498 * 280 59 288 124 74 109 62 48
1499 * 260 24 269 89 61 97 49 36
1500 * 289 45 297 120 57 114 47 42
1501 * 321 67 321 158 63 136 63 49
1502 * 250 58 253 123 63 106 54 47
1503 * 280 44 286 107 74 115 60 52
1504 * 280 49 284 116 68 106 62 40
1506 * 334 48 337 132 64 113 59 32
1507 * 290 35 302 112 64 120 54 48
1508 * 275 30 291 95 63 100 47 37
1509 * 279 22 292 93 56 99 42 34
1510 * 271 32 276 93 63 86 55 29
1511 * 252 37 260 99 58 98 48 40
1512 * 280 39 283 95 65 92 59 39
1513 * 265 36 274 106 66 116 52 49
1515 * 289 47 296 117 65 111 58 46
1517 * 288 57 293 121 74 116 67 53
1518 * 280 64 284 131 70 114 56 50
1519 * 274 31 286 97 68 103 54 38
1520 * 289 45 293 113 67 119 63 52
1521 * 259 48 271 112 61 117 51 54
1522 * 301 30 307 96 58 88 48 26
1524 * 231 36 234 92 52 88 44 34
1525 * 264 35 249 120 41 158 56 67
1526 * 311 61 298 149 63 184 72 86
1527 * 254 36 260 96 56 82 46 31
1528 * 281 57 281 112 68 104 65 51
1529 * 292 69 293 149 68 179 64 95
1530 * 323 47 323 120 70 116 65 43
1531 * 244 39 252 105 53 90 45 28
1532 * 282 53 287 125 66 122 57 53
1534 * 278 34 282 100 60 96 52 32
1535 * 292 33 305 119 60 126 47 45
1536 * 336 32 341 119 72 134 67 48
1537 * 302 52 299 139 66 168 53 76
1538 * 306 51 312 121 83 118 74 51
1539 * 341 53 352 144 75 145 66 60
1540 * 312 37 319 111 62 119 55 48
1541 * 285 45 287 114 64 110 59 41
1543 * 296 31 303 106 67 88 58 18
1544 * 250 32 258 101 56 93 50 30
1545 * 320 53 314 141 57 154 69 65
1546 * 236 43 240 92 44 86 39 39
1547 * 303 41 298 133 63 154 70 59
1548 * 313 45 321 121 66 125 61 50
1549 * 280 54 285 113 64 108 60 52
1550 * 293 51 300 122 65 114 56 45
1551 * 299 27 307 97 70 102 61 35
1552 * 295 40 288 127 51 167 63 72
1553 * 298 47 290 128 58 158 66 71
1554 * 309 32 319 92 63 104 47 46
1555 * 277 28 285 96 60 94 53 30
1556 * 242 39 237 127 58 164 61 71
1557 * 294 35 283 121 56 155 67 62
1558 * 311 44 319 116 71 120 61 48
1559 * 329 48 337 126 82 117 71 42
1560 * 316 44 313 111 66 108 68 46
1562 * 251 34 245 120 44 161 52 69
1563 * 299 36 303 93 71 88 59 29
1564 * 281 32 288 99 67 102 57 28
1565 * 242 30 252 94 55 92 44 33
1566 * 291 33 293 92 67 92 63 33
1567 * 293 52 295 145 58 181 60 85
1568 * 312 48 312 115 71 110 64 49
1569 * 277 29 284 96 63 96 58 30
1570 * 295 34 287 105 56 130 64 54
1571 * 290 43 277 124 51 164 69 79
1572 * 235 39 239 93 58 87 53 35
1573 * 238 35 249 106 42 87 32 20
1574 * 291 37 281 103 49 119 57 55
1575 * 313 44 326 118 81 140 66 67
1576 * 237 42 244 101 55 88 50 32
1577 * 288 42 298 116 71 117 63 50
1578 * 287 56 287 118 70 109 61 50
1579 * 294 47 296 116 56 108 53 42
1580 * 236 37 244 96 64 91 56 34
1581 * 259 56 267 120 65 109 57 48
1582 * 293 49 302 116 74 116 60 48
1583 * 234 36 240 91 58 88 50 35
1584 * 291 52 296 105 66 102 61 45
1585 * 280 33 278 125 60 166 64 68
1586 * 292 49 296 120 62 110 59 41
1587 * 284 47 295 116 70 108 58 41
1588 * 318 40 318 125 57 139 44 64
1589 * 291 46 295 120 65 112 60 40
1590 * 309 40 315 98 67 115 59 54
1591 * 336 54 339 112 88 108 80 53
1592 * 302 43 313 114 69 114 60 45
1593 * 323 48 321 120 66 120 66 49
1594 * 282 55 294 112 78 121 62 64
1595 * 320 29 320 114 54 133 42 50
1596 * 318 56 327 121 82 106 73 44
1597 * 259 52 263 117 57 111 51 48
1598 * 319 51 303 116 70 120 82 55
1599 * 258 32 264 92 62 88 53 25
1600 * 252 48 255 112 55 107 51 48
1601 * 282 55 285 106 68 105 64 49
1602 * 311 48 316 106 74 106 66 49
1603 * 284 15 278 99 60 134 64 49
1604 * 237 37 244 85 53 88 50 37
1605 * 316 45 319 102 81 107 74 50
1606 * 301 21 301 76 85 82 76 27
1607 * 297 35 281 116 53 132 62 45
1608 * 303 43 289 124 59 158 70 73
1609 * 290 40 281 130 57 172 59 75
1610 * 276 38 283 95 65 86 59 31
1611 * 257 22 268 89 55 96 41 28
1612 * 292 38 294 93 63 85 59 31
1613 * 296 38 299 104 60 126 56 58
1614 * 247 35 253 90 64 90 56 32
1615 * 284 52 288 113 64 106 58 47
1616 * 289 49 296 121 68 106 54 37
1617 * 343 40 352 120 85 124 76 46
1618 * 255 54 259 115 59 104 55 47
1619 * 298 53 286 121 61 149 61 79
1620 * 291 50 295 117 65 102 62 35
1621 * 305 35 305 97 64 93 61 33
1623 * 306 45 303 142 54 172 60 72
1624 * 276 55 282 106 71 100 68 52
1625 * 237 37 242 95 53 90 48 33
1626 * 252 40 254 90 56 85 54 34
1627 * 264 54 264 122 55 104 50 38
1629 * 251 37 257 97 65 92 61 35
1630 * 294 38 286 109 64 124 70 51
1631 * 288 54 296 124 53 112 51 44
1632 * 299 36 299 104 52 96 49 29
1633 * 239 39 245 92 50 84 47 34
1634 * 296 50 292 139 59 184 66 86
1635 * 283 60 286 112 66 109 62 55
1636 * 355 51 363 133 84 151 73 74
1637 * 278 34 289 85 60 90 48 40
1638 * 258 54 263 113 63 110 56 54
1639 * 321 64 325 137 80 129 76 60
1640 * 332 39 337 98 81 109 78 52
1641 * 238 37 238 84 63 80 57 37
1642 * 286 51 288 107 60 97 58 44
1643 * 278 54 280 119 78 113 72 52
1644 * 250 54 255 114 61 105 55 46
1645 * 293 41 302 95 75 82 64 25
1646 * 235 22 235 89 56 131 56 56
1647 * 291 45 294 109 61 112 54 48
1648 * 243 37 249 94 58 91 46 31
1649 * 292 50 296 108 65 111 56 56
1650 * 233 44 240 90 60 87 56 40
1651 * 255 53 258 110 61 104 58 50
1652 * 313 56 324 113 77 105 66 47
1653 * 246 38 250 89 54 88 53 40
1654 * 297 54 279 132 57 159 68 69
1655 * 315 48 322 121 80 106 73 38
1656 * 263 56 268 110 60 101 53 42
1657 * 295 69 302 141 62 138 54 69
1658 * 307 38 291 123 58 139 83 51
1659 * 320 57 322 115 69 127 67 71
1660 * 317 44 325 122 72 115 65 40
1661 * 284 82 284 163 64 118 62 41
1662 * 275 51 283 109 72 104 65 50
1663 * 256 32 256 94 69 90 63 33
1664 * 293 52 300 109 72 109 67 52
1665 * 249 34 251 85 59 80 57 31
1667 * 296 55 290 140 64 179 72 94
1668 * 318 49 316 113 94 139 96 60
1669 * 240 38 244 94 57 89 49 36
1670 * 272 32 274 94 68 90 58 29
1671 * 304 62 314 142 77 143 67 68
1672 * 233 41 237 91 60 83 47 36
1673 * 254 32 258 95 56 86 52 27
1674 * 312 50 314 122 72 111 69 40
1675 * 286 51 291 120 59 112 52 45
1676 * 315 37 319 99 75 112 69 48
1677 * 295 36 295 106 59 102 56 33
1678 * 286 41 278 111 54 143 60 68
1679 * 247 39 255 86 65 81 57 35
1680 * 252 56 254 107 66 106 64 54
1681 * 340 32 348 122 78 139 73 51
1682 * 250 36 253 88 64 88 61 33
1683 * 280 47 288 112 72 108 62 47
1684 * 298 41 289 129 56 167 63 75
1685 * 284 57 287 116 73 103 70 47
1686 * 234 44 235 93 51 88 50 39
1687 * 304 43 311 106 75 110 67 50
1688 * 303 42 301 144 64 196 64 90
1689 * 277 40 268 125 48 169 59 79
1690 * 268 40 255 126 44 162 56 72
1691 * 308 56 313 117 82 114 74 56
1692 * 253 36 261 95 67 90 57 34
1693 * 303 25 305 99 70 97 61 26
1694 * 282 60 284 123 68 107 61 46
1695 * 299 67 292 135 68 176 75 99
1696 * 237 44 240 89 58 89 54 40
1697 * 313 42 315 97 77 110 65 55
1698 * 315 57 315 114 68 104 65 45
1699 * 234 29 237 74 52 75 48 27
1700 * 296 48 271 124 43 156 68 74
1701 * 291 21 304 103 62 115 44 34
1702 * 281 48 288 115 76 105 64 43
1703 * 284 48 290 113 69 108 60 41
1704 * 294 51 298 120 66 120 64 50
1705 * 262 36 251 99 57 90 62 29
1706 * 285 48 291 116 65 110 61 44
1707 * 287 61 299 127 64 135 53 73
1708 * 290 40 279 120 60 151 73 65
1710 * 251 39 255 87 61 85 51 33
1711 * 307 40 314 107 69 113 59 46
1712 * 302 46 299 146 61 185 64 82
1713 * 302 60 292 145 62 178 76 90
1714 * 317 59 313 119 72 102 72 45
1715 * 266 36 255 123 44 158 46 73
1716 * 280 34 283 98 51 88 48 26
1717 * 281 25 289 91 66 88 65 24
1718 * 307 48 312 112 75 104 66 46
1720 * 277 52 290 108 68 99 60 44
1721 * 309 46 311 115 66 112 63 43
1722 * 277 40 279 94 58 90 53 34
1723 * 299 34 304 99 69 94 63 27
1724 * 285 48 288 117 62 118 53 50
1725 * 295 35 289 116 71 145 81 56
1726 * 320 42 321 106 77 95 65 38
1727 * 282 28 284 96 51 96 47 33
1728 * 320 39 317 114 71 113 68 42
1729 * 280 30 282 92 63 96 61 40
1730 * 272 20 278 77 45 79 37 19
1735 * 281 46 287 96 64 110 52 56
1752 * 282 29 287 92 57 93 55 31
1761 * 324 58 327 143 66 136 60 56
1773 * 277 30 275 92 37 123 39 61
1788 * 281 54 286 122 62 116 51 46
1789 * 320 36 320 107 73 116 65 46
1802 * 289 54 294 112 68 99 68 41
1834 * 226 26 223 78 32 74 32 21
1848 * 265 52 270 107 61 97 54 42
1855 * 356 39 356 139 66 160 55 64
1867 * 340 44 346 127 78 122 70 36
1877 * 308 42 313 115 78 117 75 45
1884 * 278 41 285 97 56 90 46 36
1885 * 232 34 238 94 58 90 54 33
1889 * 323 39 333 127 69 119 59 34
1890 * 240 42 244 101 59 95 52 37
1907 * 288 48 296 117 67 112 59 47
1912 * 327 42 324 113 62 151 62 70
1922 * 309 50 315 110 85 121 78 60
1923 * 295 18 302 85 55 93 47 27
1934 * 307 48 312 109 72 115 67 58
1946 * 305 38 315 101 72 126 58 64
1948 * 280 53 288 125 64 115 56 42
1950 * 335 44 340 122 80 114 72 38
1970 * 303 49 308 118 76 110 69 45
1974 * 250 33 254 91 64 88 60 30
1985 * 294 59 301 125 66 115 58 48
1988 * 304 43 311 116 78 105 69 36
1991 * 292 33 295 91 68 99 60 41
1993 * 235 35 239 94 55 85 53 32
2002 * 291 34 295 109 61 115 56 41
2029 * 285 31 295 89 61 101 53 45
2037 * 270 27 274 82 52 94 42 38
2040 * 229 32 239 88 49 93 42 36
2046 * 324 53 335 139 79 157 63 72
2058 * 292 42 292 98 70 89 66 33
2070 * 240 42 242 90 58 85 53 38
2089 * 300 30 319 109 72 124 60 51
2090 * 284 52 287 106 65 98 58 48
2095 * 218 24 221 85 36 73 29 17
2101 * 296 39 302 108 65 118 57 50
2105 * 342 55 344 114 88 116 78 53
2106 * 319 55 309 143 56 173 59 83
2111 * 200 37 196 99 42 144 54 75
2129 * 308 40 318 111 80 115 68 47
2132 * 321 75 321 134 79 120 79 63
2134 * 292 41 281 121 65 160 73 72
2143 * 306 40 310 109 71 113 64 47
2161 * 312 44 317 118 75 115 64 43
2162 * 295 34 295 122 50 114 44 34
2164 * 316 41 318 131 57 153 49 65
2179 * 289 49 294 110 63 111 59 50
2203 * 256 48 267 117 58 104 47 40
2204 * 313 30 323 116 70 126 55 47
2209 * 244 35 245 97 50 89 44 30
2230 * 283 47 279 136 51 160 56 65
2263 * 256 34 256 93 64 99 59 37
2267 * 276 35 275 100 60 96 60 32
2270 * 303 38 298 101 63 98 61 35
2284 * 305 30 300 95 84 91 84 28
2285 * 271 41 267 108 53 109 47 42
2297 * 283 41 278 99 56 94 54 35
2298 * 291 42 289 110 63 109 63 43
2300 * 246 34 250 82 60 86 56 40
2310 * 204 27 209 69 37 74 31 33
2317 * 306 11 304 75 94 62 94 8
2318 * 232 45 233 92 40 97 37 51
2325 * 272 32 274 98 62 98 60 37
2333 * 294 48 290 116 66 109 66 47
2336 * 313 44 315 114 78 114 75 44
2338 * 290 44 287 113 59 108 59 40
2367 * 292 47 292 117 56 114 60 42
2378 * 221 19 229 73 40 81 37 30
2416 * 275 46 280 109 67 107 67 44
2431 * 262 35 261 91 50 84 48 30
2457 * 271 49 269 118 45 110 45 43
2466 * 290 52 286 119 68 113 72 48
2470 * 223 21 229 62 41 73 38 30
2480 * 256 24 257 83 60 97 54 36
2493 * 251 40 253 87 57 93 53 45
2502 * 242 34 246 83 55 93 51 42
2541 * 232 35 235 90 49 92 47 37
2545 * 234 46 242 97 44 100 38 54
2546 * 282 52 282 108 62 108 64 53
2588 * 277 41 275 94 59 88 65 36
2596 * 289 44 287 111 71 104 71 39
2601 * 280 48 276 122 59 114 59 43
2620 * 240 33 246 89 53 96 50 41
2626 * 239 30 241 90 47 94 41 39
2632 * 211 33 219 89 44 92 46 38
2649 * 257 49 261 98 65 103 59 54
2657 * 62 10 63 24 12 21 12 8
2674 * 86 16 85 33 20 34 21 17
2675 * 90 12 90 33 22 33 21 13
2678 * 86 9 86 30 19 30 18 10
2679 * 86 10 86 29 19 30 18 10
2680 * 87 15 88 35 20 35 19 14
2681 * 95 15 95 36 27 38 26 17
2682 * 114 21 114 44 29 47 28 22
2688 * 73 9 73 26 8 27 9 11
2694 * 77 8 77 27 11 27 12 9
2695 * 88 16 89 31 22 34 24 19
2696 * 91 18 93 36 25 38 24 20
2697 * 86 16 86 33 19 35 18 15
2702 * 64 9 65 21 14 23 14 11
2703 * 85 15 88 33 22 35 19 16
2704 * 84 16 85 32 21 32 19 16
2705 * 89 14 90 29 20 34 20 14
2711 * 379 56 379 131 94 140 94 64
2712 * 138 23 139 51 29 51 29 22
2714 * 216 16 220 70 34 85 28 33
2721 * 67 15 66 37 11 29 12 7
2729 * 135 18 135 46 30 48 31 20
2738 * 59 8 60 21 16 26 16 12
2739 * 73 9 73 25 18 28 17 11
2740 * 73 24 76 45 17 35 16 14
2741 * 65 13 67 28 24 31 22 13
2743 * 71 21 68 40 17 24 20 6
2744 * 70 9 72 24 17 26 17 11
2745 * 163 22 174 102 32 94 30 43
2746 * 622 96 610 198 146 184 126 82
2747 * 142 17 141 49 26 46 31 15
2748 * 684 178 745 351 87 523 38 66
2749 * 365 28 354 212 30 201 39 92
2750 * 487 34 484 131 34 176 19 67
2751 * 61 14 61 29 14 25 16 11
2753 * 74 9 75 27 11 27 13 9
2755 * 73 9 75 25 16 29 17 13
2756 * 77 11 77 26 22 34 22 16
2759 * 365 203 351 279 67 127 60 51
2761 * 247 98 234 168 38 70 40 7
2764 * 400 202 378 271 48 114 48 36
2770 * 133 53 127 92 46 56 50 21
2772 * 90 44 82 71 28 46 33 21
2773 * 285 42 298 113 85 253 60 181
2779 * 337 25 336 112 52 84 46 10
2780 * 411 51 431 186 87 383 50 214
2784 * 549 48 544 145 96 321 67 230
2787 * 389 40 393 133 65 342 46 236
2788 * 97 19 97 44 17 38 17 13
2790 * 131 18 135 46 31 55 28 22
2792 * 238 44 236 93 56 99 55 46
2805 * 394 46 401 139 73 311 49 215
2813 * 180 29 184 63 49 82 41 50
2817 * 200 38 223 93 62 194 34 136
2819 * 293 157 290 224 60 99 47 32
2821 * 206 59 194 118 5 49 12 -2
2822 * 215 24 228 77 46 203 25 151
