0010 * 1794 2012 1782 2148 1388 2273 1396 2156 * 1973 1263 1969 1326 1797 1353 1805 1287
0020 * 2435 1720 2367 1951 1504 1535 1520 1315
0021 * 1907 2437 1844 2663 889 2203 900 1977
0022 * 1878 1027 1893 1557 466 2715 377 2136
0024 * 1161 1680 1165 1781 847 1807 829 1706 * 2569 1579 2584 1662 2334 1684 2326 1606
0032 * 1815 1211 1836 1281 1664 1326 1648 1240
0036 * 1693 685 1685 775 1501 697 1509 616
0041 * 1337 1383 1224 1603 584 1049 636 817
0059 * 1799 1236 1848 1415 1370 1823 1321 1627
0061 * 2029 739 2040 924 1472 1212 1447 982
0066 * 2876 1158 2876 1453 2246 1917 2237 1598
0068 * 1312 1524 1262 1764 972 1515 1007 1332
0070 * 2660 1181 2610 1412 1268 1483 1203 1235
0074 * 885 940 888 973 778 976 779 941 * 397 972 395 995 320 997 323 971
0076 * 942 1330 985 1382 839 1512 797 1457
0080 * 690 1120 692 1151 607 1150 607 1118
0082 * 786 1155 786 1192 644 1194 646 1157
0083 * 801 1032 801 1130 597 1130 599 1029
0085 * 1800 1909 1769 2171 1132 1721 1137 1486
0093 * 1254 1987 1285 2237 219 2692 135 2468
0100 * 1086 2390 1090 2698 250 2222 228 1947
0113 * 2280 1328 2307 1597 1643 2277 1562 2031
0117 * 1954 1347 1973 1574 1390 1950 1340 1701
0118 * 1950 2227 1893 2423 1125 1827 1128 1628
0142 * 1088 1431 1023 1592 781 1496 841 1335 * 3684 619 3674 685 3497 685 3507 614
0149 * 907 1391 982 1542 594 1728 524 1582 * 2036 1078 2046 1149 1935 1214 1915 1149
0151 * 303 248 302 292 177 275 176 232
0152 * 363 252 363 295 303 256 301 219
0154 * 276 274 280 310 163 322 159 285
0156 * 324 238 349 282 261 412 229 364
0167 * 425 222 424 234 379 235 378 223
0170 * 357 369 319 407 273 240 303 201
0173 * 1594 1061 1530 1358 618 1970 599 1673
0180 * 1465 963 1502 1187 1110 1477 1083 1236
0182 * 921 1080 924 1153 667 1159 664 1089
0189 * 1018 896 1018 942 847 933 853 887
0190 * 2831 1138 2615 1423 2035 799 2150 550
0192 * 2031 1557 1888 1777 1508 1214 1569 1049
0195 * 1450 1358 1456 1468 1202 1667 1193 1533
0199 * 1634 1998 1380 2108 731 1123 908 927
0201 * 2076 1101 1917 1321 1607 909 1721 734
0205 * 1028 950 1048 1093 452 1432 416 1281
0208 * 1401 1373 1401 1511 875 1533 865 1383
0210 * 2309 795 2272 934 1856 828 1868 701
0217 * 1814 1260 1834 1441 1360 1758 1340 1572
0227 * 1662 628 1649 774 1121 975 1117 790
0236 * 810 1062 852 1194 494 1499 426 1341
0237 * 2356 1162 2309 1309 2014 1015 2072 888
0238 * 1877 1088 1898 1225 1714 1478 1693 1336
0240 * 2288 1199 2224 1362 1972 1052 2030 920
0247 * 1157 967 1172 1088 978 1246 967 1104
0251 * 2251 1404 2251 1493 2051 1467 2056 1383 * 1646 1541 1656 1635 1446 1709 1441 1609
0252 * 2140 1162 2072 1351 1720 1157 1762 994
0253 * 2051 1393 1977 1609 1756 1293 1809 1130
0254 * 915 1162 915 1246 757 1251 752 1172
0255 * 2046 1251 2051 1320 1841 1320 1841 1251
0256 * 2093 1236 2035 1388 1662 1246 1704 1115
0257 * 2246 1262 2246 1315 2093 1309 2098 1262
0258 * 1772 862 1772 894 1693 888 1693 862
0259 * 2314 973 2293 1199 1683 1819 1683 1578
0260 * 836 1309 836 1388 562 1388 562 1315 * 3019 1130 3019 1225 2666 1215 2677 1115
0261 * 2119 1136 2119 1215 1872 1188 1893 1115
0262 * 852 1251 894 1404 557 1772 499 1599
0263 * 2661 1362 2656 1414 2503 1393 2503 1351
0264 * 2214 994 2193 1151 1935 1346 1951 1188
0265 * 1867 1383 1862 1441 1677 1435 1677 1372
0266 * 2209 1130 2188 1220 1961 1188 1988 1104
0267 * 2735 878 2708 1115 1925 1525 1919 1283
0268 * 2940 1157 2935 1472 1841 2009 1772 1688
0269 * 2966 399 3008 862 1804 1630 1630 1036
0270 * 3140 1499 3082 1788 1693 2251 1662 1961
0271 * 2777 1241 2756 1478 1872 1730 1851 1488
0272 * 3224 1378 3161 1783 1777 1357 1751 994
0273 * 2687 1309 2661 1625 1572 1257 1514 952
0274 * 3224 1435 3208 1714 2261 2430 2209 2151
0275 * 3455 1788 3419 2035 2519 2619 2524 2340
0276 * 2693 1930 2666 2214 1435 1504 1414 1220
0277 * 2577 1625 2566 1883 1435 1662 1404 1420
0278 * 2856 683 2914 1115 1509 1641 1388 1120
0279 * 2977 878 2945 1188 1988 1683 1956 1351
0280 * 2850 1614 2777 1993 1635 1567 1677 1267
0281 * 1925 1134 1929 1232 1595 1236 1599 1134
0282 * 1493 1607 1472 1782 991 1689 1020 1525
0283 * 1493 738 1490 868 1078 852 1091 732
0284 * 388 444 388 472 282 472 284 443
0285 * 312 482 312 514 222 490 222 460
0286 * 383 236 375 282 251 262 256 219
0287 * 428 579 423 643 310 605 313 544
0288 * 417 403 416 435 331 403 333 367
0289 * 594 592 589 638 344 539 346 491
0290 * 537 196 528 251 379 226 384 173
0291 * 683 246 681 266 608 263 611 242
0292 * 217 444 223 469 144 487 137 462
0293 * 422 245 409 337 211 257 210 176
0294 * 1322 535 1294 726 779 1014 772 816
0295 * 1242 750 1225 868 896 803 903 695
0296 * 1083 694 1064 777 834 740 850 662
0297 * 991 280 998 388 706 540 694 425
0298 * 1582 963 1547 1087 1133 1120 1168 986
0299 * 807 379 809 471 558 480 556 388
0300 * 713 1143 724 1209 494 1244 482 1173
0301 * 933 1729 933 1787 717 1796 722 1727
0302 * 754 499 690 706 501 510 549 328
0303 * 1386 1586 1258 1733 942 1158 1014 990
0304 * 726 830 719 915 434 911 441 825
0305 * 862 1001 848 1194 407 1155 413 985
0306 * 754 1180 814 1330 508 2208 386 2096
0307 * 1058 662 1062 738 827 729 827 658
0308 * 982 1364 961 1652 593 1580 602 1314
0309 * 1053 920 1067 1032 779 1200 752 1076
0310 * 1170 922 1078 1134 572 848 650 648
0311 * 909 375 954 485 660 579 624 489
0312 * 1808 1475 1819 1626 1427 1839 1400 1707
0313 * 1850 1904 1850 2032 1412 2156 1396 2024
0314 * 2335 1760 2366 2086 1164 2435 1113 2097
0315 * 1625 2550 1567 2764 582 2256 585 2050
0316 * 2056 1250 2106 1572 880 1914 795 1599
0317 * 2199 1781 2188 1909 1695 2177 1683 2025
0318 * 1532 2222 1520 2432 605 2215 582 1997
0319 * 1877 2303 1827 2497 857 2167 853 1965
0320 * 1885 924 1901 1138 1132 1266 1094 1041
0321 * 1579 1877 1579 2005 966 2219 958 2067
0322 * 2607 2169 2494 2421 1392 1920 1416 1672
0323 * 2607 1184 2459 1557 849 1925 795 1541
0324 * 1862 2541 1792 2754 1051 2425 1078 2227
0325 * 1986 1602 1955 1862 966 2393 904 2137
0326 * 1746 1590 1730 1749 1253 1680 1261 1528
0327 * 1633 2176 1559 2397 453 1947 411 1687
0328 * 571 352 569 408 394 467 385 408
0329 * 466 385 464 434 315 495 312 445
0330 * 271 384 269 431 129 403 128 355
0331 * 378 207 368 273 176 233 175 164
0332 * 393 295 383 367 162 291 158 212
0333 * 429 295 420 352 214 299 212 241
0334 * 447 285 445 327 331 311 333 273
0335 * 442 485 408 545 262 423 283 373
0336 * 559 529 544 609 235 524 231 449
0337 * 324 139 326 213 114 169 100 96
0338 * 1978 1081 1978 1256 1391 1256 1387 1077
0339 * 1649 1025 1612 1202 792 1493 786 1315
0340 * 2264 1281 2158 1534 913 1713 873 1411
0341 * 2721 1321 2598 1709 820 1721 648 1362
0342 * 1566 820 1618 1061 991 1842 875 1661
0343 * 1713 1545 1649 1728 660 1563 612 1361
0344 * 1637 1364 1594 1563 780 1291 752 1083
0345 * 1591 1046 1585 1190 1052 1190 1040 1052
0346 * 1946 1355 1881 1493 758 1477 709 1337
0347 * 2452 1166 2362 1415 922 1432 803 1179
0348 * 1377 1468 1386 1649 660 1468 596 1285
0349 * 1450 1630 1450 1823 829 1836 823 1637
0350 * 1765 1224 1731 1370 914 1190 881 1037
0351 * 1582 1468 1563 1686 948 2013 936 1802
0352 * 1272 535 1264 691 667 696 655 542
0353 * 1358 489 1348 655 645 657 638 487
0354 * 1209 477 1214 578 756 573 751 475
0355 * 2329 534 2313 734 1550 852 1530 644
0356 * 1260 398 1250 571 664 573 667 398
0357 * 1370 971 1354 1122 926 1020 934 877 * 3247 102 3239 138 3072 150 3080 97
0358 * 2631 665 2627 816 2182 848 2178 689
0359 * 1226 472 1221 633 585 621 585 458
0360 * 325 142 328 163 269 176 265 154
0361 * 350 329 352 357 233 365 233 336
0362 * 119 164 119 178 67 179 68 165
0363 * 493 443 488 483 294 483 290 443
0364 * 746 376 742 415 659 440 663 396
0365 * 200 186 199 203 141 204 141 187
0366 * 275 178 275 199 213 201 211 180
0367 * 135 149 136 162 92 163 91 150
0368 * 365 123 358 228 13 224 16 112
0369 * 560 269 560 299 484 312 482 282
0370 * 259 114 260 169 79 171 80 117
0371 * 437 218 424 274 219 220 231 167
0372 * 191 154 191 166 150 165 150 154
0373 * 429 301 429 336 314 338 314 301
0374 * 272 209 272 230 212 239 212 214
0375 * 142 170 142 187 79 184 77 167
0376 * 284 218 284 244 203 243 203 218
0377 * 170 328 167 344 94 339 98 324
0378 * 265 84 265 112 169 113 169 82
0379 * 144 179 143 192 96 189 96 176
0380 * 399 346 401 396 234 402 231 350
0381 * 256 142 247 187 99 147 105 110
0382 * 191 152 191 164 150 164 150 152
0383 * 257 381 260 417 134 394 130 358
0384 * 327 196 326 221 228 220 231 196
0385 * 226 346 225 365 158 358 158 340
0386 * 247 205 246 223 169 225 168 206
0387 * 290 422 288 450 181 444 185 417
0388 * 877 852 877 919 568 921 562 856
0389 * 150 286 150 312 81 290 80 265
0390 * 383 190 384 220 252 222 252 190
0391 * 182 291 181 314 121 297 121 275
0392 * 316 155 316 169 268 173 268 158
0393 * 1246 1103 1246 1232 752 1236 738 1110
0394 * 366 267 366 287 295 292 296 273
0395 * 434 243 434 281 259 280 262 241
0396 * 1052 827 1052 925 622 919 628 819
0397 * 316 467 301 500 205 452 218 419
0398 * 119 260 119 282 60 265 60 245
0399 * 326 143 328 162 269 176 266 155
0400 * 444 247 441 286 296 279 298 242
0401 * 582 497 581 538 424 539 424 498
0402 * 185 139 185 155 123 163 123 144
0403 * 208 108 207 129 124 127 125 107
0404 * 500 515 506 569 332 591 328 537
0405 * 247 176 247 189 207 193 207 179
0406 * 225 70 225 98 128 96 130 70
0407 * 201 115 199 152 74 145 79 108
0408 * 187 170 184 184 126 180 130 167
0409 * 378 235 378 267 237 264 239 230
0410 * 278 150 285 210 79 210 87 151
0411 * 192 260 191 280 115 275 114 256
0412 * 158 135 157 145 118 144 118 133
0413 * 264 367 268 397 167 375 165 346
0414 * 179 162 180 182 112 184 112 164
0415 * 475 332 474 364 358 381 358 348
0416 * 201 319 204 351 99 348 96 318
0417 * 224 190 223 207 156 207 156 190
0418 * 306 195 306 215 241 215 240 195
0419 * 401 365 401 391 304 391 305 365
0420 * 236 215 235 230 176 229 176 213
0421 * 320 254 322 281 230 282 227 255
0422 * 196 103 195 120 136 118 136 101
0423 * 347 185 349 220 190 223 188 188
0424 * 106 167 107 184 56 180 56 163
0425 * 299 166 297 208 160 206 160 165
0426 * 344 166 344 208 170 206 170 163
0427 * 460 42 461 186 2 186 2 42
0428 * 246 164 245 179 181 178 182 163
0429 * 585 118 576 278 33 272 29 108
0430 * 240 123 240 140 166 144 166 126
0431 * 183 286 186 309 106 293 103 273
0432 * 233 169 232 183 181 197 180 182
0433 * 197 156 208 200 28 199 20 115
0434 * 186 125 193 154 113 187 106 149
0435 * 356 194 354 242 199 235 202 189
0436 * 721 529 720 580 553 576 555 526
0437 * 103 155 103 169 58 167 58 153
0438 * 195 127 196 154 97 157 96 129
0439 * 283 209 283 229 211 228 212 209
0440 * 179 113 176 138 88 127 89 104
0441 * 414 707 412 762 277 726 278 677
0442 * 418 383 420 418 286 419 284 384
0443 * 296 227 296 260 177 263 178 232
0444 * 249 124 249 145 157 142 158 120
0445 * 261 138 264 162 194 176 189 151
0446 * 402 374 402 403 277 400 276 372
0447 * 255 238 256 267 140 254 140 228
0448 * 385 304 387 338 250 338 248 305
0449 * 222 122 222 168 65 170 65 122
0450 * 288 258 288 283 181 283 181 257
0451 * 212 172 212 189 149 187 150 170
0452 * 813 756 832 849 531 913 511 811
0453 * 179 163 179 182 113 184 112 164
0454 * 1054 312 1059 563 233 563 235 324
0455 * 202 141 202 155 154 155 154 141
0456 * 359 174 361 188 322 195 320 180
0457 * 95 126 95 141 44 145 44 129
0458 * 134 150 136 163 92 164 91 150
0459 * 390 228 389 264 247 259 249 224
0460 * 222 184 222 201 150 203 150 185
0461 * 216 148 217 166 153 167 153 149
0462 * 209 97 209 116 137 113 137 95
0463 * 343 173 347 200 250 206 246 178
0464 * 110 148 110 160 61 160 61 148
0465 * 304 202 306 238 183 240 182 203
0466 * 354 371 355 406 222 406 222 372
0467 * 349 246 349 289 207 291 207 249
0468 * 291 151 291 180 172 177 175 149
0469 * 642 614 611 730 105 723 82 596
0470 * 198 212 197 231 127 228 129 210
0471 * 225 120 226 163 48 174 48 129
0472 * 206 175 202 199 117 189 120 164
0473 * 692 416 693 464 497 498 496 444
0474 * 191 153 191 178 120 160 119 136
0475 * 354 237 355 255 295 261 295 244
0476 * 514 315 514 341 448 348 448 322
0477 * 400 289 401 321 281 321 283 288
0478 * 177 96 176 113 117 113 117 96
0479 * 345 246 344 273 233 273 233 245
0480 * 180 139 180 154 117 154 117 139
0481 * 196 196 193 214 116 214 116 195
0482 * 302 406 301 439 181 437 181 402
0483 * 281 147 280 180 153 181 153 149
0484 * 226 197 224 222 137 222 136 197
0485 * 268 255 267 279 165 278 166 252
0486 * 191 115 191 135 115 135 115 115
0487 * 207 132 208 153 128 154 128 133
0488 * 303 417 300 458 164 456 164 415
0489 * 300 133 302 146 249 151 247 136
0490 * 439 277 444 322 268 336 265 290
0491 * 280 147 281 162 213 164 211 150
0492 * 151 248 149 274 81 257 82 234
0493 * 278 156 275 187 150 179 153 149
0494 * 686 452 684 519 451 517 449 449
0495 * 507 614 496 710 253 675 262 586
0496 * 387 311 388 346 252 346 254 313
0497 * 222 122 222 168 65 169 65 123
0498 * 582 181 565 291 16 261 4 158
0499 * 256 101 254 159 47 171 40 111
0500 * 323 176 321 208 205 208 205 175
0501 * 558 891 550 962 286 920 286 851
0502 * 353 384 351 410 268 403 268 377
0503 * 203 156 204 171 152 174 152 158
0504 * 628 248 633 283 540 315 536 275
0505 * 308 219 308 238 244 238 245 219
0506 * 225 487 222 525 126 502 129 465
0507 * 487 284 487 303 431 319 431 299
0508 * 169 41 168 75 30 77 28 42
0509 * 364 285 363 317 241 319 243 287
0510 * 186 435 184 459 103 444 103 419
0511 * 184 179 184 192 130 196 129 183
0512 * 129 118 127 135 82 129 85 114
0513 * 295 156 293 193 147 182 149 146
0514 * 183 103 184 124 114 126 113 105
0515 * 102 164 102 181 56 175 56 160
0516 * 876 724 873 832 502 831 502 724
0517 * 345 224 345 251 251 250 251 225
0518 * 485 317 485 336 428 355 426 335
0519 * 485 267 483 333 276 329 278 264
0520 * 176 103 176 124 103 126 104 104
0521 * 225 249 225 267 148 268 147 250
0522 * 176 273 177 300 102 288 99 261
0523 * 211 291 209 325 121 303 121 271
0524 * 148 232 158 277 84 428 70 381
0525 * 213 139 218 160 134 165 131 142
0526 * 257 224 250 245 174 228 183 210
0527 * 651 633 652 689 432 684 427 628 * 1217 228 1216 248 1163 252 1163 233
0528 * 212 158 212 170 172 172 172 160
0529 * 375 83 376 134 215 139 213 90
0530 * 158 180 158 194 105 190 104 177
0531 * 441 318 441 357 304 364 302 324
0532 * 212 119 213 134 150 139 149 124
0533 * 291 292 277 322 180 275 195 245
0534 * 173 296 173 322 92 309 92 285
0535 * 196 132 196 144 145 144 145 131
0536 * 375 242 373 259 322 273 324 253
0537 * 240 127 244 149 179 163 175 139
0538 * 319 125 307 195 185 172 195 126
0539 * 335 116 332 175 123 177 126 107
0540 * 331 168 332 183 282 190 282 175
0541 * 554 152 554 277 100 276 104 152
0542 * 237 236 232 274 129 261 132 227
0543 * 273 185 273 203 213 203 213 185
0544 * 490 335 487 378 349 376 352 332
0545 * 284 140 286 155 243 166 240 149
0546 * 160 176 160 191 105 192 105 178
0547 * 160 120 161 138 93 130 91 112
0548 * 338 404 335 454 185 435 189 386
0549 * 232 156 232 170 182 174 182 160
0550 * 251 306 252 327 185 326 185 306
0551 * 300 287 300 320 157 320 157 285
0552 * 257 92 256 128 136 128 136 92
0553 * 616 308 613 331 556 362 558 335
0554 * 231 346 227 369 137 355 139 330
0555 * 276 110 289 174 88 181 73 105
0556 * 243 119 242 152 132 151 133 118
0557 * 240 372 239 395 160 390 160 368
0558 * 303 153 303 171 253 183 252 164
0559 * 200 209 199 233 114 235 114 211
0560 * 725 393 720 437 608 477 613 429
0561 * 285 262 283 283 214 275 215 255
0562 * 236 124 235 144 168 144 168 124
0563 * 438 202 440 237 327 240 325 205
0564 * 187 124 186 135 143 135 144 124
0565 * 230 143 231 165 143 171 143 149
0566 * 315 399 313 424 195 422 194 397
0567 * 262 175 260 189 207 204 208 189
0568 * 175 249 174 286 72 271 72 235
0569 * 536 385 537 414 436 437 436 406
0570 * 292 182 292 202 207 202 208 182
0571 * 458 309 461 333 379 342 377 315
0572 * 969 548 972 637 665 649 658 558
0573 * 220 134 218 154 136 152 136 132
0574 * 159 57 156 99 29 91 27 54
0575 * 371 212 372 251 217 255 217 214
0576 * 385 226 388 249 319 262 316 239
0577 * 483 167 466 337 40 255 75 145
0578 * 205 102 203 152 9 177 0 123
0579 * 398 228 398 244 346 246 345 230
0580 * 215 95 219 148 24 146 30 94
0581 * 94 90 93 102 54 100 54 88
0582 * 336 153 336 185 225 183 226 153
0583 * 377 155 379 233 61 230 61 152
0584 * 241 145 241 174 135 172 137 144
0585 * 378 204 379 228 282 231 282 206
0586 * 133 203 133 227 66 221 65 198
0587 * 168 231 163 253 84 236 90 215
0588 * 244 186 244 205 162 213 161 192
0589 * 570 338 572 389 404 393 402 341
0590 * 207 376 205 399 115 384 116 360
0591 * 435 282 433 329 277 336 278 284
0592 * 270 163 272 187 186 192 185 168
0593 * 267 240 268 260 179 259 177 239
0594 * 136 84 136 99 91 100 90 85
0595 * 220 24 224 63 106 92 101 52
0596 * 176 99 176 123 83 115 83 93
0597 * 375 240 374 266 244 290 246 258
0598 * 856 514 854 563 700 573 695 522
0599 * 179 259 178 278 113 275 113 256
0600 * 540 315 521 383 203 425 193 358
0601 * 205 188 193 236 18 172 48 122
0602 * 452 265 452 280 396 290 396 271
0603 * 390 360 391 392 276 387 277 356
0604 * 240 202 240 213 196 215 196 203
0605 * 886 968 886 1042 540 1036 538 958
0606 * 142 210 142 226 89 230 89 213
0607 * 164 359 163 380 105 376 107 358
0608 * 427 205 429 249 272 252 272 205
0609 * 301 170 301 195 165 198 165 170
0610 * 220 179 221 201 136 205 135 181
0611 * 345 231 344 262 243 264 242 232
0612 * 562 448 558 484 405 472 410 432
0613 * 345 119 342 157 206 152 210 121
0614 * 413 211 414 226 359 236 358 219
0615 * 194 123 193 137 132 134 133 119
0616 * 395 357 394 383 283 387 282 360
0617 * 358 161 356 196 227 192 229 157
0618 * 373 401 373 435 236 433 237 396
0619 * 186 146 185 160 134 161 134 147
0620 * 253 235 253 262 162 261 163 235
0621 * 180 237 179 254 135 250 137 234
0622 * 423 356 423 390 295 386 294 354
0623 * 730 723 730 799 420 804 417 724
0624 * 178 197 180 216 119 217 118 197
0625 * 212 101 212 124 134 124 134 101
0626 * 1177 870 1177 952 907 957 907 876
0627 * 431 160 429 208 234 209 234 158
0628 * 383 76 358 160 36 170 7 79
0629 * 397 347 399 383 238 388 238 351
0630 * 302 126 305 140 264 145 262 130
0631 * 313 119 310 195 5 203 5 120
0632 * 317 245 317 281 199 282 200 245
0633 * 188 109 187 126 119 125 119 108
0634 * 177 120 173 135 112 126 116 109
0635 * 393 248 391 288 241 285 243 246
0636 * 177 117 175 132 132 128 135 114
0637 * 186 140 186 157 131 157 131 141
0638 * 779 353 784 391 676 404 671 364
0639 * 124 108 124 127 73 126 72 109
0640 * 239 167 239 190 143 191 143 169
0641 * 224 112 225 155 82 158 82 113
0642 * 191 66 197 92 31 61 49 35
0643 * 459 291 460 356 233 363 233 294
0644 * 321 136 324 155 257 169 253 148
0645 * 172 122 172 135 117 136 118 122
0646 * 161 284 157 305 96 291 99 270
0647 * 130 192 131 210 74 206 74 189
0648 * 183 189 183 204 121 207 121 193
0649 * 142 171 143 187 89 182 89 166
0650 * 362 241 362 257 310 257 310 240
0651 * 234 120 235 135 171 139 171 121
0652 * 120 164 113 191 62 181 68 156
0653 * 184 107 184 124 109 126 109 107
0654 * 177 367 178 392 97 381 95 355
0655 * 170 139 169 167 40 197 37 160
0656 * 153 132 152 147 94 147 94 132
0657 * 306 279 307 315 177 317 176 282
0658 * 311 220 311 246 193 250 193 218
0659 * 356 263 357 295 250 297 250 264
0660 * 468 336 467 382 290 390 289 341
0661 * 466 338 464 363 382 370 380 344
0662 * 381 247 382 279 260 279 261 248
0663 * 210 214 210 238 118 237 117 213
0664 * 241 191 240 213 166 211 166 190
0665 * 507 341 505 395 296 395 296 340
0666 * 235 102 234 147 78 147 78 102
0667 * 280 70 279 149 25 151 16 75
0668 * 328 171 330 231 74 228 82 167
0669 * 117 117 117 126 78 127 79 117
0670 * 388 194 386 211 334 231 334 211
0671 * 407 253 406 296 257 300 255 255
0672 * 237 221 236 242 158 239 158 218
0673 * 312 119 308 179 100 182 96 122
0674 * 350 205 350 242 230 244 229 207
0675 * 183 179 183 195 118 194 117 177
0676 * 460 43 460 184 6 184 6 44
0677 * 338 268 337 283 273 284 272 269
0678 * 182 131 181 148 105 149 105 130
0679 * 186 115 185 129 135 129 136 115
0680 * 88 219 88 234 42 229 41 214
0681 * 340 158 339 180 265 179 266 156
0682 * 190 361 189 392 78 388 76 359
0683 * 190 187 190 203 135 202 135 187
0684 * 232 116 233 135 157 137 156 118
0685 * 644 606 644 668 454 660 462 606
0686 * 152 291 152 318 83 297 83 269
0687 * 509 526 509 569 318 569 316 527
0688 * 224 169 223 184 158 184 159 168
0689 * 108 130 108 145 59 141 59 126
0690 * 267 171 264 186 231 193 234 177
0691 * 259 185 253 217 141 207 147 176
0692 * 202 166 202 180 139 180 139 165
0693 * 183 200 183 217 121 217 121 200
0694 * 133 233 127 254 70 240 75 219
0695 * 197 134 197 150 139 151 140 134
0696 * 505 571 510 648 276 622 267 550
0697 * 251 218 251 245 158 244 156 218
0698 * 158 291 158 313 80 313 80 291
0699 * 612 156 616 325 42 328 48 158
0700 * 476 877 479 924 251 933 247 885
0701 * 177 164 177 178 119 178 118 163
0702 * 392 191 393 210 345 218 344 201
0703 * 332 390 335 465 22 423 1 365
0704 * 198 86 199 106 132 107 131 87
0705 * 181 140 181 156 118 156 118 140
0706 * 257 155 257 169 212 171 212 157
0707 * 293 192 293 210 230 214 230 196
0708 * 255 248 253 278 125 264 123 235
0709 * 143 131 143 146 93 148 92 134
0710 * 356 431 357 469 228 478 225 437
0711 * 186 176 185 198 107 198 107 175
0712 * 138 270 139 293 71 276 70 255
0713 * 391 314 391 346 242 350 242 315
0714 * 771 444 769 519 511 520 511 441
0715 * 193 396 186 422 134 392 141 370
0716 * 181 138 181 154 119 154 120 137
0717 * 190 274 191 293 139 286 138 270
0718 * 154 134 154 148 96 147 95 133
0719 * 448 218 449 232 387 230 386 216
0720 * 375 169 379 188 323 197 319 176
0721 * 237 206 237 227 159 225 159 203
0722 * 296 196 294 220 213 213 216 189
0723 * 351 248 350 282 239 283 238 247
0724 * 381 227 385 250 300 254 297 231
0725 * 88 193 88 205 48 200 48 188
0726 * 173 238 174 258 115 246 114 231
0727 * 180 128 181 145 106 160 103 142
0728 * 93 234 92 255 51 251 52 232
0729 * 313 354 314 397 153 381 151 341
0730 * 345 270 345 301 235 303 236 271
0731 * 217 142 216 159 152 155 154 139
0732 * 190 170 190 182 142 181 143 168
0733 * 367 283 368 306 274 304 274 283
0734 * 453 518 455 553 350 560 348 522
0735 * 352 169 356 189 281 192 279 170
0736 * 455 364 454 390 342 400 342 372
0737 * 340 196 343 230 220 236 217 201
0738 * 396 61 384 149 30 207 20 94
0739 * 399 195 397 232 272 232 271 196
0740 * 523 348 520 402 344 400 345 349
0741 * 251 215 250 245 142 243 141 214
0742 * 202 425 203 465 102 428 100 393
0743 * 278 260 278 275 221 275 221 260
0744 * 291 203 290 225 222 223 222 202
0745 * 424 222 427 262 277 269 277 228
0746 * 301 451 299 492 163 489 163 449
0747 * 228 283 228 306 140 295 140 274
0748 * 302 304 302 332 184 329 184 302
0749 * 192 239 191 270 115 255 116 225
0750 * 117 169 116 186 69 180 69 164
0751 * 309 183 305 215 203 199 207 168
0752 * 144 78 144 97 84 98 84 78
0753 * 242 223 243 243 161 240 163 222
0754 * 370 212 372 253 218 254 217 214
0755 * 369 333 369 361 271 361 272 331
0756 * 182 155 181 170 129 170 129 154
0757 * 171 76 171 89 109 89 109 76
0758 * 325 122 319 184 103 188 100 124
0759 * 312 600 311 635 130 631 127 597
0760 * 258 179 259 207 149 228 145 202
0761 * 143 235 142 258 73 240 72 221
0762 * 251 195 252 216 168 216 168 194
0763 * 223 165 224 179 171 178 171 165
0764 * 436 317 436 365 267 365 268 313
0765 * 124 121 120 144 65 132 68 110
0766 * 455 385 453 432 277 437 276 391
0767 * 317 75 329 165 8 178 14 87
0768 * 798 895 790 973 520 916 525 844
0769 * 605 320 608 371 427 371 428 316
0770 * 629 344 636 400 417 407 414 345
0771 * 388 140 389 194 207 197 207 140
0772 * 1318 326 1240 626 166 584 106 280
0773 * 358 163 359 236 111 238 114 165
0774 * 335 171 336 198 245 200 242 172
0775 * 359 248 359 275 268 272 268 248
0776 * 780 289 778 422 244 434 237 303
0777 * 542 477 541 522 378 520 375 477
0778 * 475 165 467 296 23 293 25 151
0779 * 594 319 601 372 442 404 435 348
0780 * 791 811 788 902 455 908 458 821
0781 * 414 177 411 250 168 254 166 181
0782 * 541 490 521 570 397 510 415 440
0783 * 296 169 292 208 162 191 166 156
0784 * 910 650 906 740 586 740 588 648
0785 * 1418 535 1410 638 1027 597 1035 500
0786 * 255 10 250 79 28 77 23 11
0787 * 508 329 507 353 426 364 426 338
0788 * 612 186 628 312 279 481 236 331
0789 * 440 218 425 301 81 303 69 216
0790 * 988 476 988 568 662 580 662 480
0791 * 731 686 728 766 465 758 465 681
0792 * 341 310 342 346 205 347 205 310
0793 * 235 258 234 283 150 277 151 252
0794 * 410 156 404 234 128 240 124 156
0795 * 281 472 282 500 191 483 188 459
0796 * 241 327 239 347 168 338 170 320
0797 * 1244 1128 1246 1259 732 1249 724 1128
0798 * 1415 734 1418 1026 407 998 396 709
0799 * 984 799 961 951 309 942 306 783
0800 * 782 640 780 700 570 684 570 632
0801 * 252 252 254 273 175 269 173 248
0802 * 338 211 334 273 110 272 105 206
0803 * 333 191 333 215 240 219 240 195
0804 * 447 211 447 234 385 243 383 220
0805 * 137 50 135 78 56 81 57 51
0806 * 252 242 253 265 173 266 173 241
0807 * 293 182 292 202 208 201 208 182
0808 * 1128 720 1114 774 948 780 964 724
0809 * 284 220 283 241 203 241 204 220
0810 * 242 260 242 281 168 279 168 258
0811 * 304 255 306 289 169 293 171 260
0812 * 1316 781 1327 903 825 894 819 770
0813 * 160 246 163 274 102 245 99 220
0814 * 963 783 959 882 540 889 536 794
0815 * 140 143 145 172 36 172 35 129
0816 * 348 197 346 223 280 220 282 196
0817 * 270 176 270 195 201 195 201 176
0818 * 349 180 349 206 241 201 241 174
0819 * 484 150 487 274 82 278 79 158
0820 * 300 298 302 322 214 307 213 284
0821 * 193 105 193 125 123 125 123 105
0822 * 254 203 255 239 138 233 139 199
0823 * 487 151 490 274 81 280 78 159
0824 * 212 119 212 135 151 141 150 124
0825 * 361 322 358 348 266 342 270 316
0826 * 627 985 632 1095 337 1034 325 929
0827 * 410 170 411 204 302 218 301 180
0828 * 238 251 237 270 176 269 178 253
0829 * 316 272 310 318 164 303 168 257
0830 * 767 1153 777 1270 466 1221 450 1108
0831 * 353 380 356 434 180 440 180 386
0832 * 86 211 86 231 41 224 40 206
0833 * 284 259 283 286 171 284 168 259
0834 * 273 206 274 225 211 230 211 210
0835 * 330 246 325 268 228 266 232 242
0836 * 1466 1039 1459 1103 1262 1146 1254 1080
0837 * 496 44 497 201 5 202 5 46
0838 * 308 143 311 163 247 168 246 148
0839 * 395 183 395 216 285 220 283 187
0840 * 385 238 377 313 162 271 162 205
0841 * 438 382 439 402 359 402 359 381
0842 * 374 148 369 222 108 228 101 153
0843 * 312 401 315 425 279 447 277 421
0844 * 310 168 320 240 91 238 96 169
0845 * 337 156 336 209 153 212 154 157
0846 * 993 629 987 808 343 790 331 610
0847 * 585 179 574 259 249 350 248 242
0848 * 319 216 319 243 212 242 211 214
0849 * 389 270 389 291 319 291 318 269
0850 * 353 227 356 256 239 266 235 235
0851 * 270 270 288 329 155 380 134 317
0852 * 276 341 272 368 171 366 176 337
0853 * 289 211 289 228 226 245 225 227
0854 * 552 620 552 676 352 681 353 614
0855 * 327 244 329 273 200 273 200 244
0856 * 454 273 456 292 392 292 392 276
0857 * 373 287 373 303 322 302 320 287
0858 * 1428 803 1487 1026 706 1236 629 1031
0859 * 719 359 716 394 577 392 574 358
0860 * 1172 1116 1176 1211 830 1226 826 1128
0861 * 319 183 318 202 243 201 243 179
0862 * 971 411 973 453 802 451 796 408
0863 * 160 131 160 146 106 138 104 124
0864 * 531 165 519 235 226 317 221 221
0865 * 331 266 330 288 250 290 251 269
0866 * 365 291 363 317 265 323 263 291
0867 * 918 544 914 634 588 632 582 542
0868 * 281 150 280 181 155 170 159 138
0869 * 995 487 1001 581 618 630 618 522 * 1289 55 1291 85 1187 91 1191 57
0870 * 331 238 331 268 242 268 242 240
0871 * 241 327 240 347 168 338 170 321
0872 * 419 195 421 235 237 264 223 230
0873 * 291 174 284 207 172 194 180 163
0874 * 554 323 561 386 356 401 350 336
0875 * 469 371 471 398 360 406 358 375
0876 * 267 309 268 328 182 331 183 312
0877 * 244 217 243 243 146 241 146 217
0878 * 1451 1320 1430 1608 136 1589 115 1301
0879 * 436 276 434 340 168 342 165 276
0880 * 318 263 318 285 220 284 220 260
0881 * 944 788 948 870 632 890 628 816
0882 * 319 126 318 185 108 191 104 131
0883 * 1203 765 1210 860 888 936 875 819
0884 * 415 215 416 257 279 255 279 210 * 233 191 219 226 68 160 85 118
0885 * 712 468 710 523 476 534 475 473
0886 * 258 618 253 658 142 630 147 590
0887 * 494 488 491 527 336 522 338 485
0888 * 367 257 369 281 271 278 271 255
0889 * 362 224 362 263 225 272 225 231
0890 * 299 219 299 233 257 230 256 217
0891 * 172 94 174 120 84 120 84 93
0892 * 152 116 153 152 60 151 61 115
0893 * 311 143 311 159 245 166 242 149
0894 * 660 268 655 323 426 320 426 261
0895 * 873 361 868 465 484 500 483 404
0896 * 281 115 298 178 88 185 79 110
0897 * 405 235 405 258 330 261 330 238
0898 * 351 201 351 228 232 225 232 198
0899 * 469 189 474 215 408 253 400 225
0900 * 177 113 183 150 101 153 98 108
0901 * 336 156 336 184 235 188 236 156
0902 * 486 335 482 376 352 373 352 332 * 752 295 751 317 699 306 699 286
0903 * 251 209 250 226 179 225 180 207
0904 * 307 204 301 228 228 223 235 198
0905 * 1488 462 1436 788 18 782 8 422
0906 * 811 762 811 834 591 824 593 750
0907 * 495 820 494 880 233 877 230 821
0908 * 228 244 226 274 117 263 120 234
0909 * 344 41 347 97 164 141 163 81
0910 * 489 318 488 345 389 363 390 334
0911 * 1113 554 1131 832 238 741 177 539
0912 * 587 405 579 530 147 543 153 411
0913 * 287 221 288 234 235 234 234 221
0914 * 239 198 237 214 186 209 189 192
0915 * 1239 266 1246 440 430 540 378 363
0916 * 301 242 301 266 216 263 216 241
0917 * 658 315 642 357 561 336 576 294
0918 * 465 310 466 334 380 333 382 308
0919 * 1008 322 1008 441 606 458 606 344
0920 * 274 179 273 197 197 196 197 179
0921 * 782 705 784 780 534 779 534 702
0922 * 219 164 206 199 122 187 134 154
0923 * 236 250 234 264 175 262 177 248
0924 * 657 474 652 517 493 523 492 477
0925 * 318 187 314 228 164 221 161 181
0926 * 798 549 793 619 546 651 549 571
0927 * 264 255 263 280 170 276 172 248
0928 * 254 281 256 299 183 305 182 287
0929 * 1343 703 1348 762 1096 762 1093 702
0930 * 327 300 328 316 276 322 276 303
0931 * 366 157 366 225 59 223 59 155
0932 * 1012 862 1012 934 768 936 768 858
0933 * 1005 376 972 612 87 663 37 412
0934 * 176 275 177 301 101 287 99 262
0935 * 341 40 347 98 165 141 160 81
0936 * 421 763 416 824 224 765 230 710
0937 * 321 192 320 240 158 242 154 194
0938 * 739 456 737 496 608 497 609 456
0946 * 194 160 194 179 121 178 122 158
0962 * 1092 832 1082 922 606 944 598 848
0983 * 558 171 562 241 348 236 342 169
0999 * 794 57 794 125 584 125 578 55
1033 * 825 129 829 198 605 197 599 128
1041 * 677 169 686 217 521 200 512 152
1073 * 1072 170 1084 216 887 223 876 178
1075 * 952 355 955 434 687 432 677 350
1079 * 845 211 849 260 649 244 649 201
1097 * 760 151 762 223 536 218 532 149
1108 * 765 282 773 350 562 356 551 292
1129 * 896 320 904 376 683 388 672 331
1150 * 993 388 1003 464 725 456 708 380
1174 * 780 142 784 213 558 209 554 138
1203 * 836 421 848 500 571 495 560 419
1205 * 1083 337 1092 418 823 413 817 330
1209 * 1093 139 1099 208 866 207 862 140
1225 * 1031 385 1039 467 762 466 754 387
1230 * 632 36 636 92 390 88 384 33
1240 * 1074 343 1084 424 819 424 806 346
1256 * 838 385 845 433 619 442 610 395
1259 * 829 171 838 239 599 236 590 171
1279 * 1072 368 1081 448 825 440 812 361
1282 * 844 361 860 426 629 435 616 370
1292 * 908 182 908 251 698 239 696 175
1305 * 630 168 634 238 416 236 412 169
1316 * 817 409 824 476 569 470 563 404
1332 * 769 178 772 250 534 243 531 176
1341 * 845 264 851 344 592 341 583 264
1349 * 796 83 800 151 586 149 582 82
1365 * 931 218 934 285 718 277 717 214
1369 * 831 179 821 258 596 230 590 157
1371 * 951 303 954 374 725 377 718 307
1373 * 823 272 828 339 613 350 607 283
1376 * 771 252 777 318 570 328 560 263
1386 * 840 312 843 384 625 371 619 302
1406 * 872 257 878 313 667 321 660 262
1412 * 542 252 553 316 359 325 348 264
1426 * 815 299 828 354 602 364 587 310
1435 * 948 382 953 435 727 441 717 388
1436 * 919 197 925 241 740 247 735 202
1448 * 774 153 782 222 548 216 546 147
1464 * 802 110 808 182 584 178 580 109
1468 * 722 180 730 249 500 244 492 175
1505 * 792 286 800 348 584 355 574 291
1514 * 854 389 865 468 612 453 598 380
1516 * 891 411 897 496 643 471 637 391
1523 * 918 339 924 411 682 398 665 328
1533 * 900 343 905 404 704 393 698 332
1542 * 846 247 850 308 656 302 652 244
1561 * 695 371 699 446 443 439 443 364
1622 * 737 371 745 438 508 435 504 368
1628 * 834 296 836 343 656 334 653 290
1666 * 867 307 867 360 620 363 612 308
1709 * 694 192 692 256 457 257 456 193
1719 * 946 294 946 363 697 354 693 286
1763 * 714 306 718 364 492 352 482 298
1774 * 795 292 802 350 614 341 614 283
1782 * 875 257 875 321 673 315 667 252
1798 * 912 280 916 348 667 350 662 280
1811 * 752 297 752 359 506 359 502 295
1813 * 1096 292 1075 384 843 417 862 328
1823 * 753 262 758 313 568 309 566 260
1826 * 836 224 835 288 585 305 580 236
1868 * 742 265 736 318 549 310 549 262
1873 * 973 254 973 329 721 321 718 251
1882 * 795 277 789 351 543 354 540 282
1906 * 839 280 839 329 648 325 645 277
1919 * 878 306 884 395 619 381 619 296
1930 * 1004 271 1007 331 816 323 816 267
1954 * 961 256 961 307 769 307 766 254
1995 * 1185 249 1171 325 984 366 995 284
2014 * 625 257 633 316 395 314 400 257
2042 * 672 384 672 444 449 422 446 371
2113 * 742 302 745 354 517 341 512 288
2117 * 499 360 504 432 284 412 280 353
2153 * 914 235 920 308 691 304 678 231
2183 * 1103 320 1095 381 848 370 848 313
2198 * 919 316 919 378 667 378 667 315
2213 * 662 298 666 355 441 351 434 295
2243 * 717 173 721 214 533 224 527 182
2245 * 872 281 869 326 668 320 671 273
2258 * 796 270 793 335 581 326 578 264
2268 * 764 176 770 225 573 233 568 184
2290 * 620 175 620 223 437 228 432 182
2292 * 858 278 855 340 645 337 643 276
2311 * 897 360 897 426 675 416 680 353
2319 * 893 331 893 394 675 385 675 325
2320 * 988 317 985 384 763 378 763 311
2326 * 648 170 645 227 455 233 452 177
2329 * 818 328 818 385 598 382 596 326
2343 * 692 317 689 370 486 358 483 304
2348 * 1070 320 1067 371 850 363 853 312
2349 * 584 189 586 242 411 247 405 193
2368 * 891 294 891 358 675 353 681 291
2375 * 988 295 992 362 770 358 770 292
2377 * 835 309 832 376 612 369 612 302
2413 * 856 322 852 379 626 373 626 317
2414 * 772 148 777 198 583 203 583 156
2417 * 588 162 593 211 416 218 413 172
2450 * 908 321 905 386 685 379 685 313
2453 * 733 111 739 163 545 172 539 120
2464 * 727 127 727 186 536 192 531 136
2465 * 869 312 866 376 646 369 646 305
2474 * 986 319 986 371 771 367 771 313
2485 * 1006 299 1006 364 786 360 786 296
2487 * 896 330 892 398 681 391 681 325
2505 * 797 173 800 223 599 233 596 182
2509 * 929 288 923 344 714 336 714 283
2520 * 949 316 952 380 735 372 735 307
2521 * 800 276 794 340 584 333 581 267
2522 * 777 208 783 262 575 267 572 214
2550 * 813 282 816 347 607 344 607 282
2564 * 983 296 980 361 762 355 762 290
2570 * 910 332 910 401 683 388 680 321
2574 * 797 161 802 220 608 230 603 169
2586 * 877 299 874 357 656 352 659 294
2597 * 928 297 931 361 716 358 716 295
2627 * 805 298 802 351 594 342 596 291
2629 * 619 157 624 206 444 213 439 165
2636 * 869 325 865 385 636 379 636 320
2638 * 669 148 673 204 491 209 485 155
2639 * 897 299 899 353 683 348 684 291
2647 * 1016 327 1018 393 785 401 783 334
2651 * 753 120 753 182 560 188 557 129
2654 * 390 192 393 234 326 308 321 266
2655 * 520 224 522 269 426 340 428 289
2660 * 160 665 160 704 33 704 35 669 * 1031 582 1033 613 910 617 910 586 * 694 580 694 605 599 607 597 580
2661 * 942 575 942 624 795 612 799 563 * 334 471 334 501 236 495 236 463 * 118 357 120 381 51 377 51 352
2662 * 813 554 813 601 679 585 683 542 * 475 465 475 497 393 489 393 456
2664 * 879 636 869 691 728 660 736 607 * 665 405 663 440 581 428 581 397 * 446 316 442 336 393 332 395 312
2698 * 292 177 293 193 230 195 228 177
2699 * 467 185 467 198 401 200 403 185
2700 * 233 130 233 144 170 146 168 130
2706 * 958 634 962 666 835 668 835 634
2710 * 158 665 160 705 33 709 33 667 * 1414 526 1415 554 1318 558 1316 530
2713 * 1147 768 1152 900 885 926 866 794
2715 * 1567 727 1564 794 1332 799 1329 727
2719 * 273 127 269 175 121 157 121 110
2720 * 202 148 204 197 55 186 51 140
2723 * 1111 544 1115 581 1002 582 998 546
2724 * 1235 664 1237 699 1118 699 1117 666
2725 * 976 637 977 672 864 674 863 639
2726 * 1075 669 1078 702 965 702 962 671
2727 * 468 619 469 652 370 654 368 621
2728 * 625 254 626 308 444 319 448 260
2730 * 500 207 500 240 390 236 390 203
2731 * 404 295 406 333 285 326 282 292
2732 * 567 166 568 196 459 196 458 165
2734 * 526 202 527 229 444 232 445 204
2736 * 242 340 240 388 68 377 73 329
2737 * 494 244 494 275 394 273 394 244
2742 * 199 304 198 325 134 313 133 294
2757 * 492 548 474 591 348 541 362 502
2763 * 783 556 769 629 485 493 488 417
2765 * 650 363 655 529 155 934 134 754
2769 * 568 601 575 635 493 637 486 604
2776 * 647 517 750 572 479 879 383 845
2786 * 772 530 797 607 586 779 563 691
2789 * 1325 545 1327 672 1037 888 1032 737
2791 * 517 612 503 699 389 606 405 531
2793 * 717 765 717 789 633 790 632 765 * 316 789 316 806 261 808 261 790
2794 * 674 955 700 987 595 1076 568 1041
2797 * 497 813 498 832 436 831 437 812
2799 * 546 807 545 830 450 831 450 810
2800 * 848 451 848 488 704 488 706 451 * 456 411 453 431 372 429 374 406
2801 * 611 788 611 865 457 865 459 785
2807 * 474 781 492 849 89 1020 56 945
2814 * 390 862 394 971 92 795 79 701
2818 * 682 534 663 606 430 514 445 444
2820 * 680 397 685 471 491 674 465 603
2823 * 639 445 643 510 458 634 444 562
2833 * 1139 584 1208 755 851 917 770 731 * 2009 14 2051 122 1934 179 1889 65
2835 * 521 685 492 754 374 711 401 641 * 1764 300 1761 324 1670 326 1675 300
2838 * 340 528 365 575 223 643 196 596 * 765 407 766 429 727 452 721 431
2840 * 1067 729 1044 902 423 1336 412 1138
2844 * 982 630 1008 795 740 992 714 816
2846 * 656 766 654 823 467 829 467 772
2853 * 462 406 461 426 387 419 388 398
2854 * 1681 660 1543 844 1204 464 1286 309
2856 * 1302 996 1222 1129 964 766 1019 650
2858 * 883 825 891 896 735 1016 728 939
2859 * 1110 703 1114 758 913 791 906 729
2860 * 1324 549 1402 712 750 1144 625 1038
2861 * 1236 661 1153 781 956 537 1027 430
2865 * 476 436 481 500 209 657 194 591
2866 * 740 644 751 692 559 763 546 705
2869 * 1049 717 1061 827 792 1020 772 906
2875 * 1117 424 1106 531 749 657 749 522
2878 * 1320 217 1349 370 847 454 816 261
2879 * 1172 236 1131 353 820 359 867 212
2881 * 323 419 342 480 199 602 169 533
2882 * 954 463 931 529 816 414 837 355
2883 * 725 419 735 481 662 579 652 513
2885 * 916 480 893 547 796 421 815 370
2887 * 345 449 347 463 301 464 299 451 * 741 438 741 455 701 455 697 439
2888 * 465 386 472 432 394 497 386 444
2892 * 868 475 846 542 705 467 722 411
2893 * 778 532 752 610 666 492 688 432
2895 * 866 540 866 564 785 560 783 538
2896 * 865 486 865 508 806 504 806 484
2897 * 713 343 713 360 675 358 675 341
2898 * 940 394 930 486 680 746 680 637
2899 * 419 659 422 704 282 701 282 656 * 1521 567 1516 622 1334 614 1342 556
2901 * 340 506 355 571 222 719 201 643
2902 * 999 511 997 531 940 525 942 505
2903 * 854 388 848 443 750 524 754 459
2908 * 1500 702 1468 857 805 1083 780 922
2910 * 1752 761 1746 927 1204 1321 1181 1158
2912 * 1253 891 1241 1024 663 692 641 551
2916 * 559 339 551 392 408 365 408 314
2921 * 376 698 376 722 293 720 293 698
2922 * 413 274 385 390 279 280 302 183
2923 * 734 833 673 917 501 601 540 525
2925 * 357 544 394 636 239 1050 182 987
2927 * 593 514 598 580 441 674 431 611
2929 * 651 530 651 584 505 662 502 605
2940 * 665 553 660 631 330 796 322 724
2945 * 675 356 697 454 427 795 380 717
2948 * 677 476 664 525 352 454 341 403
2951 * 1315 1246 1315 1301 1129 1304 1129 1246
2952 * 1321 1207 1321 1265 1135 1265 1132 1204
2959 * 354 1178 358 1220 168 1214 171 1171 * 2258 1364 2261 1465 1967 1471 1964 1364
2968 * 777 617 780 670 613 625 608 580 * 148 421 150 453 100 446 100 416 * 1283 90 1282 115 1203 125 1203 98 * 928 105 928 121 882 125 882 110
2969 * 1033 59 1029 566 32 545 52 44
2976 * 1184 1465 1175 1508 1034 1484 1040 1438
2977 * 1196 1398 1193 1484 1018 1477 1018 1389
2978 * 1358 1129 1352 1187 1175 1178 1178 1119
2981 * 826 386 826 436 652 436 650 384
2996 * 946 1230 946 1262 820 1272 820 1236 * 2030 1199 2030 1241 1925 1241 1919 1209
2999 * 1014 458 1010 508 838 508 840 460
3001 * 779 203 784 272 584 280 576 216
3006 * 584 1123 587 1165 434 1162 437 1119 * 2053 1523 2056 1600 1845 1600 1848 1523
3020 * 979 1282 979 1352 755 1355 752 1279 * 1701 1220 1698 1254 1582 1254 1585 1220
3022 * 401 327 356 349 228 260 276 234
3029 * 1171 1384 1171 1418 1092 1422 1088 1388 * 2071 1803 2048 1905 1780 1867 1803 1769
3064 * 992 834 1002 1056 95 1127 60 850
3074 * 2333 1463 2308 1548 2036 1473 2056 1382
3087 * 2227 1066 2192 1172 1824 1076 1849 955
3092 * 2736 1466 2691 1577 2328 1431 2378 1325
3104 * 2187 1755 2172 1816 1955 1755 1970 1705
3127 * 1243 2162 1194 2381 831 2113 869 1927
3128 * 1965 1493 1946 1606 1632 1564 1644 1447
3135 * 1995 614 2091 781 1718 1285 1552 1088
3144 * 670 492 672 544 500 550 498 502
3145 * 1210 764 1210 816 1110 820 1112 762
3147 * 631 447 628 518 441 505 447 440
3167 * 1470 1585 1461 1698 1730 1744 1734 1618
3190 * 626 642 576 752 267 483 300 386
3195 * 268 164 268 190 176 190 177 165
3216 * 682 1187 651 1499 79 1453 94 1150
3218 * 1343 1346 1340 1370 1263 1364 1263 1343
3219 * 1514 1113 1511 1141 1395 1135 1401 1101
3220 * 1331 1257 1324 1297 1190 1285 1196 1248
3221 * 1263 1410 1257 1453 1107 1441 1110 1395
3222 * 1049 1377 1046 1422 902 1416 905 1373
3224 * 1783 1707 1768 1780 1542 1750 1554 1683
3227 * 734 492 734 550 616 554 614 500
3228 * 1076 480 1080 540 958 546 958 482
3229 * 706 444 708 504 594 502 592 448
3235 * 512 530 510 578 336 578 336 532
